0.294109 0.294109 0.147054 0.073537 0.073537 0.058828 0.029413 0.029413
0.248441 0.248441 0.248437 0.062118 0.062118 0.049693 0.049693 0.031059
0.298550 0.298473 0.149256 0.059701 0.059701 0.059694 0.037314 0.037311
0.215051 0.215051 0.215051 0.107526 0.107526 0.053770 0.043015 0.043010
0.227309 0.227254 0.227254 0.113627 0.056821 0.056820 0.045458 0.045456
0.295317 0.295317 0.147659 0.073839 0.059070 0.059063 0.036919 0.032816
0.248613 0.248611 0.124306 0.099456 0.099445 0.062161 0.062157 0.055252
0.432312 0.216184 0.086476 0.086462 0.054046 0.048034 0.043231 0.033256
0.447636 0.223847 0.111923 0.089536 0.044767 0.027979 0.027979 0.026333
0.362257 0.181152 0.144918 0.144918 0.045285 0.042621 0.042621 0.036228
0.200028 0.199977 0.199977 0.100014 0.100001 0.100001 0.050001 0.050001
0.227310 0.227252 0.227248 0.113640 0.056820 0.056820 0.045455 0.045455
0.289889 0.144926 0.144926 0.144907 0.072463 0.072463 0.072453 0.057972
0.200023 0.200020 0.199971 0.100011 0.099999 0.099986 0.049999 0.049993
0.190510 0.190461 0.190461 0.095243 0.095243 0.095231 0.095231 0.047621
0.166688 0.166688 0.166645 0.166645 0.083344 0.083333 0.083333 0.083323
0.310072 0.310067 0.077528 0.077517 0.062024 0.062017 0.062014 0.038761
0.322568 0.322485 0.161263 0.080632 0.035835 0.032251 0.024809 0.020157
0.200028 0.199977 0.199977 0.100014 0.100001 0.100001 0.050001 0.050001
0.253153 0.253153 0.126609 0.126576 0.063296 0.063288 0.063288 0.050638
0.235330 0.235269 0.117650 0.117650 0.117635 0.058825 0.058825 0.058817
0.256451 0.256385 0.128209 0.128193 0.064105 0.064096 0.051282 0.051279
0.212776 0.212774 0.106388 0.106374 0.106373 0.085113 0.085103 0.085099
0.277796 0.277796 0.138898 0.069440 0.069431 0.055547 0.055547 0.055545
0.210524 0.210524 0.210521 0.105262 0.105261 0.052638 0.052638 0.052631
0.190475 0.190475 0.190472 0.190472 0.095237 0.047625 0.047625 0.047618
0.200037 0.199986 0.199982 0.100005 0.099993 0.099992 0.050003 0.050003
0.190508 0.190462 0.190462 0.095243 0.095242 0.095231 0.095230 0.047621
0.199998 0.199998 0.199995 0.099999 0.099999 0.099998 0.050006 0.050006
0.241004 0.240943 0.120487 0.120471 0.120470 0.060236 0.048196 0.048193
0.256407 0.256403 0.128204 0.128202 0.064110 0.064101 0.051287 0.051287
0.327858 0.163930 0.163929 0.081965 0.065579 0.065579 0.065579 0.065579
0.294097 0.147070 0.147069 0.147050 0.073535 0.073525 0.058829 0.058826
0.240957 0.240953 0.120493 0.120478 0.120477 0.060247 0.048199 0.048196
0.273969 0.273965 0.136985 0.136984 0.054799 0.054799 0.034251 0.034248
0.181853 0.181806 0.181806 0.181803 0.090914 0.090903 0.045457 0.045457
0.200000 0.199997 0.199997 0.100000 0.099999 0.099999 0.050006 0.050000
0.235331 0.235274 0.117650 0.117637 0.117636 0.058826 0.058826 0.058819
0.312485 0.156261 0.156243 0.078131 0.078131 0.078121 0.078121 0.062507
0.270265 0.270261 0.135132 0.067575 0.067575 0.067566 0.067566 0.054061
0.173935 0.173935 0.173891 0.173891 0.086968 0.086957 0.086945 0.043478
0.222214 0.222210 0.111121 0.111120 0.111107 0.111106 0.055561 0.055561
0.190511 0.190462 0.190462 0.095243 0.095243 0.095231 0.095231 0.047616
0.235326 0.235266 0.117662 0.117648 0.117633 0.058824 0.058824 0.058817
0.238128 0.238067 0.119063 0.119048 0.119033 0.059524 0.059517 0.047621
0.256444 0.256379 0.128222 0.128189 0.064103 0.064095 0.051284 0.051284
0.235326 0.235266 0.117663 0.117648 0.117633 0.058824 0.058824 0.058816
0.173948 0.173903 0.173903 0.173900 0.086962 0.086952 0.086951 0.043481
0.217417 0.217416 0.217361 0.108694 0.108680 0.043479 0.043477 0.043477
0.342187 0.171115 0.171093 0.085558 0.085558 0.068444 0.038024 0.038021
0.199996 0.199996 0.199993 0.100011 0.100010 0.099997 0.049999 0.049999
0.173935 0.173935 0.173891 0.173891 0.086968 0.086957 0.086945 0.043478
0.210563 0.210509 0.210509 0.105268 0.105255 0.052634 0.052634 0.052627
0.253203 0.253139 0.126586 0.126569 0.063293 0.063293 0.063285 0.050633
0.227301 0.227300 0.227242 0.113621 0.056818 0.056810 0.045455 0.045453
0.310068 0.310068 0.077527 0.077517 0.062023 0.062020 0.062014 0.038763
0.256403 0.256403 0.128202 0.128202 0.064109 0.064109 0.051286 0.051286
0.190510 0.190461 0.190461 0.095243 0.095243 0.095231 0.095231 0.047621
0.181852 0.181805 0.181805 0.181805 0.090914 0.090903 0.045457 0.045457
0.173912 0.173912 0.173912 0.173912 0.086956 0.086956 0.086956 0.043483
0.312492 0.156246 0.156246 0.078133 0.078133 0.078123 0.078123 0.062505
0.259778 0.259712 0.129872 0.129872 0.064928 0.051948 0.051948 0.051942
0.200000 0.200000 0.199996 0.100000 0.100000 0.099999 0.050006 0.050000
0.289837 0.144937 0.144937 0.144919 0.072469 0.072469 0.072459 0.057973
0.227268 0.227268 0.227268 0.113634 0.056824 0.056817 0.045461 0.045458
0.173912 0.173912 0.173912 0.173912 0.086956 0.086956 0.086956 0.043484
0.253159 0.253159 0.126580 0.126580 0.063298 0.063297 0.063290 0.050637
0.317501 0.158730 0.158710 0.079365 0.079355 0.079355 0.063493 0.063491
0.238093 0.238093 0.119046 0.119046 0.119046 0.059530 0.059523 0.047623
0.249996 0.249996 0.124998 0.124997 0.062507 0.062507 0.062499 0.062499
0.238134 0.238072 0.119051 0.119036 0.119036 0.059526 0.059525 0.047619
0.264937 0.264873 0.132453 0.132437 0.066227 0.052980 0.052980 0.033113
0.200024 0.200021 0.199973 0.099999 0.099998 0.099986 0.050000 0.049999
0.238121 0.238064 0.119062 0.119047 0.119046 0.059524 0.059516 0.047620
0.210555 0.210505 0.210505 0.105279 0.105265 0.052633 0.052633 0.052626
0.181842 0.181839 0.181796 0.181796 0.090909 0.090909 0.045455 0.045454
0.222249 0.222195 0.111125 0.111111 0.111111 0.111098 0.055556 0.055556
0.210556 0.210505 0.210505 0.105278 0.105265 0.052633 0.052633 0.052626
0.173934 0.173931 0.173889 0.173889 0.086966 0.086956 0.086955 0.043478
0.212764 0.212764 0.212764 0.106382 0.106382 0.053198 0.053191 0.042557
0.173913 0.173913 0.173913 0.173910 0.086956 0.086956 0.086956 0.043484
0.202056 0.202005 0.202005 0.101015 0.101002 0.101002 0.050507 0.040407
0.212764 0.212764 0.212764 0.106382 0.106382 0.053197 0.053191 0.042557
0.227311 0.227256 0.227256 0.113628 0.056821 0.056814 0.045458 0.045456
0.215051 0.215051 0.215051 0.107525 0.107525 0.053769 0.043014 0.043014
0.222219 0.222219 0.111110 0.111110 0.111110 0.111110 0.055562 0.055561
0.190510 0.190461 0.190461 0.095243 0.095243 0.095231 0.095231 0.047621
0.240958 0.240958 0.240958 0.060247 0.060247 0.060239 0.048197 0.048197
0.294108 0.147073 0.147054 0.147054 0.073527 0.073526 0.058831 0.058828
0.350862 0.175431 0.087727 0.087727 0.087715 0.070180 0.070180 0.070180
0.317453 0.158726 0.158726 0.079373 0.079363 0.079363 0.063497 0.063497
0.256406 0.256406 0.128203 0.128203 0.064110 0.064101 0.051286 0.051286
0.192341 0.192295 0.192295 0.192295 0.096159 0.048080 0.048074 0.038463
0.173913 0.173913 0.173913 0.173910 0.086956 0.086956 0.086956 0.043484
0.200034 0.199982 0.199982 0.100004 0.100004 0.099991 0.050002 0.050002
0.238081 0.238081 0.119071 0.119056 0.119040 0.059528 0.059520 0.047623
0.200033 0.199982 0.199982 0.100004 0.100004 0.099991 0.050002 0.050002
0.294093 0.147084 0.147065 0.147047 0.073533 0.073523 0.058828 0.058828
0.274010 0.273940 0.136988 0.068494 0.068494 0.068485 0.054796 0.054794
0.210563 0.210509 0.210509 0.105268 0.105255 0.052634 0.052634 0.052627
0.212761 0.212761 0.212761 0.106394 0.106380 0.053197 0.053190 0.042557
0.200029 0.199978 0.199978 0.100015 0.100002 0.100002 0.050001 0.049995
0.200023 0.200023 0.199972 0.099999 0.099999 0.099986 0.049999 0.049999
0.317503 0.317422 0.079366 0.079366 0.063491 0.063491 0.039683 0.039680
0.294149 0.147056 0.147056 0.147037 0.073528 0.073528 0.058824 0.058824
0.235332 0.235271 0.117651 0.117651 0.117636 0.058825 0.058817 0.058817
0.173936 0.173933 0.173891 0.173891 0.086967 0.086956 0.086946 0.043478
0.266655 0.133345 0.133345 0.133328 0.133328 0.066672 0.066664 0.066663
0.212804 0.212749 0.212749 0.106388 0.106375 0.053194 0.053187 0.042554
0.222252 0.222195 0.111126 0.111112 0.111112 0.111098 0.055556 0.055548
0.173938 0.173937 0.173893 0.173893 0.086958 0.086957 0.086946 0.043479
0.256446 0.256380 0.128207 0.128206 0.064103 0.064095 0.051281 0.051281
0.190512 0.190463 0.190460 0.095244 0.095243 0.095232 0.095231 0.047615
0.166667 0.166667 0.166667 0.166665 0.083334 0.083334 0.083333 0.083333
0.212765 0.212765 0.212761 0.106382 0.106381 0.053198 0.053191 0.042557
0.200035 0.199984 0.199981 0.100005 0.100004 0.099992 0.050002 0.049996
0.289847 0.289843 0.144924 0.072471 0.072471 0.057975 0.036236 0.036233
0.241003 0.240941 0.120485 0.120470 0.120469 0.060243 0.048196 0.048193
0.190509 0.190463 0.190460 0.095243 0.095242 0.095231 0.095231 0.047621
0.210524 0.210524 0.210521 0.105262 0.105261 0.052638 0.052638 0.052631
0.199999 0.199996 0.199996 0.100000 0.099999 0.099998 0.050006 0.050006
0.166700 0.166657 0.166657 0.166654 0.083339 0.083338 0.083328 0.083328
0.181845 0.181845 0.181798 0.181798 0.090911 0.090899 0.045455 0.045449
0.166699 0.166656 0.166656 0.166656 0.083339 0.083339 0.083328 0.083328
0.222250 0.222196 0.111126 0.111113 0.111112 0.111098 0.055556 0.055549
0.202056 0.202004 0.202004 0.101015 0.101015 0.101002 0.050501 0.040405
0.235333 0.235273 0.117652 0.117636 0.117636 0.058826 0.058826 0.058818
0.210569 0.210514 0.210511 0.105257 0.105256 0.052635 0.052628 0.052628
0.229908 0.229907 0.229848 0.114939 0.057469 0.045977 0.045977 0.045974
0.200027 0.199979 0.199979 0.100015 0.100002 0.100002 0.050001 0.049995
0.210561 0.210506 0.210506 0.105280 0.105253 0.052633 0.052633 0.052627
0.256439 0.256373 0.128219 0.128203 0.064102 0.064101 0.051283 0.051280
0.212803 0.212748 0.212744 0.106388 0.106374 0.053194 0.053194 0.042556
0.496262 0.124082 0.099263 0.099263 0.055145 0.049630 0.038178 0.038178
0.234079 0.234049 0.117040 0.117039 0.093629 0.093629 0.058520 0.052015
0.281685 0.281685 0.140842 0.070421 0.056346 0.056343 0.056343 0.056337
0.256401 0.256401 0.128217 0.128200 0.064108 0.064100 0.051288 0.051285
0.322562 0.161302 0.161281 0.080651 0.080651 0.064522 0.064519 0.064512
0.336126 0.168063 0.168063 0.084031 0.067232 0.067232 0.067232 0.042021
0.283680 0.283680 0.141840 0.070929 0.070929 0.056742 0.056736 0.035464
0.212764 0.212764 0.212764 0.106382 0.106382 0.053197 0.053191 0.042557
0.379388 0.189645 0.094835 0.094835 0.075870 0.075866 0.047414 0.042147
0.425515 0.106392 0.106378 0.085112 0.085112 0.085102 0.053196 0.053193
0.330566 0.165283 0.165281 0.082652 0.082652 0.066120 0.066120 0.041326
