0.292199 0.292199 0.146099 0.073059 0.073059 0.058446 0.032469 0.032469
0.224756 0.224702 0.224702 0.112351 0.056183 0.056182 0.056176 0.044947
0.212765 0.212765 0.212761 0.106382 0.106381 0.053198 0.053191 0.042557
0.190505 0.190456 0.190456 0.095253 0.095240 0.095240 0.095228 0.047620
0.173937 0.173937 0.173893 0.173893 0.086958 0.086957 0.086946 0.043479
0.200023 0.200020 0.199971 0.100011 0.099999 0.099986 0.049999 0.049993
0.190510 0.190461 0.190461 0.095243 0.095243 0.095231 0.095231 0.047621
0.166688 0.166688 0.166645 0.166645 0.083344 0.083333 0.083333 0.083323
0.212802 0.212748 0.212748 0.106387 0.106374 0.053194 0.053194 0.042554
0.190505 0.190456 0.190456 0.095253 0.095240 0.095240 0.095228 0.047620
0.173937 0.173937 0.173893 0.173893 0.086958 0.086957 0.086946 0.043479
0.200035 0.199984 0.199984 0.100005 0.100004 0.099992 0.050002 0.049996
0.285752 0.142858 0.142856 0.142838 0.071429 0.071429 0.071419 0.071419
0.253179 0.253178 0.126589 0.126573 0.063286 0.063286 0.063278 0.050630
0.166697 0.166657 0.166657 0.166655 0.083339 0.083338 0.083329 0.083328
0.199998 0.199998 0.199995 0.099999 0.099999 0.099998 0.050006 0.050006
0.238135 0.238074 0.119052 0.119037 0.119036 0.059526 0.059518 0.047622
0.256404 0.256404 0.128203 0.128202 0.064110 0.064102 0.051287 0.051287
0.285696 0.142869 0.142868 0.142849 0.071434 0.071434 0.071425 0.071425
0.199997 0.199997 0.199994 0.100011 0.099999 0.099998 0.050006 0.049999
0.173948 0.173903 0.173903 0.173900 0.086962 0.086952 0.086951 0.043481
0.190477 0.190474 0.190474 0.095238 0.095238 0.095238 0.095237 0.047625
0.312485 0.156261 0.156243 0.078131 0.078131 0.078121 0.078121 0.062507
0.249997 0.249994 0.124999 0.124998 0.062507 0.062507 0.062499 0.062499
0.173935 0.173935 0.173891 0.173891 0.086968 0.086957 0.086945 0.043478
0.222214 0.222210 0.111121 0.111120 0.111107 0.111106 0.055561 0.055561
0.253199 0.253134 0.126599 0.126567 0.063292 0.063292 0.063283 0.050635
0.235326 0.235266 0.117663 0.117648 0.117633 0.058824 0.058824 0.058816
0.166699 0.166657 0.166657 0.166654 0.083339 0.083338 0.083328 0.083328
0.190472 0.190472 0.190469 0.095248 0.095248 0.095236 0.095235 0.047618
0.166688 0.166688 0.166645 0.166645 0.083344 0.083333 0.083333 0.083323
0.200036 0.199985 0.199985 0.100005 0.099992 0.099992 0.050003 0.050003
0.253159 0.253159 0.126580 0.126580 0.063298 0.063298 0.063290 0.050637
0.190510 0.190461 0.190461 0.095243 0.095243 0.095231 0.095231 0.047621
0.166667 0.166667 0.166667 0.166667 0.083333 0.083333 0.083333 0.083333
0.235291 0.235291 0.117645 0.117645 0.117645 0.058830 0.058830 0.058823
0.166699 0.166656 0.166656 0.166656 0.083339 0.083339 0.083328 0.083328
0.235291 0.235291 0.117645 0.117645 0.117645 0.058830 0.058830 0.058823
0.235330 0.235269 0.117650 0.117650 0.117635 0.058825 0.058824 0.058817
0.166689 0.166686 0.166646 0.166646 0.083344 0.083334 0.083333 0.083323
0.200019 0.200016 0.199968 0.100009 0.099997 0.099996 0.049998 0.049998
0.190504 0.190458 0.190458 0.095252 0.095240 0.095240 0.095229 0.047620
0.200027 0.199978 0.199978 0.100013 0.100001 0.100001 0.050001 0.050001
0.166667 0.166667 0.166667 0.166665 0.083334 0.083334 0.083333 0.083333
0.166699 0.166656 0.166656 0.166656 0.083339 0.083339 0.083328 0.083328
0.199998 0.199998 0.199998 0.099999 0.099999 0.099999 0.050005 0.050005
0.190475 0.190475 0.190475 0.095238 0.095238 0.095238 0.095238 0.047625
0.166667 0.166667 0.166667 0.166665 0.083334 0.083334 0.083333 0.083333
0.200031 0.199980 0.199979 0.100015 0.100003 0.099990 0.050001 0.050001
0.190505 0.190456 0.190456 0.095253 0.095240 0.095240 0.095228 0.047620
0.166688 0.166688 0.166645 0.166645 0.083344 0.083333 0.083333 0.083323
0.166699 0.166656 0.166656 0.166656 0.083339 0.083339 0.083328 0.083328
0.166699 0.166656 0.166656 0.166656 0.083339 0.083339 0.083328 0.083328
0.166688 0.166688 0.166645 0.166645 0.083344 0.083333 0.083333 0.083323
0.227312 0.227254 0.227254 0.113627 0.056821 0.056821 0.045455 0.045455
0.166688 0.166688 0.166645 0.166645 0.083344 0.083333 0.083333 0.083323
0.256406 0.256402 0.128203 0.128202 0.064110 0.064110 0.051286 0.051281
0.200038 0.199987 0.199984 0.100006 0.099993 0.099993 0.050003 0.049996
0.166697 0.166657 0.166657 0.166655 0.083339 0.083338 0.083329 0.083328
0.166700 0.166657 0.166657 0.166654 0.083339 0.083338 0.083328 0.083328
0.181845 0.181845 0.181798 0.181798 0.090911 0.090899 0.045455 0.045449
0.166699 0.166656 0.166656 0.166656 0.083339 0.083339 0.083328 0.083328
0.215078 0.215078 0.215023 0.107525 0.107511 0.053763 0.043011 0.043011
0.200018 0.200018 0.199967 0.100009 0.099996 0.099996 0.049998 0.049998
0.200034 0.199983 0.199980 0.100004 0.100003 0.099991 0.050002 0.050002
0.330558 0.165300 0.165279 0.082650 0.082650 0.066118 0.066118 0.041325
0.277770 0.277770 0.138885 0.069451 0.069442 0.055563 0.055560 0.055560
0.210563 0.210509 0.210509 0.105268 0.105255 0.052634 0.052634 0.052627
0.210524 0.210524 0.210524 0.105262 0.105262 0.052638 0.052637 0.052631
0.322616 0.161287 0.161267 0.080644 0.080644 0.064517 0.064513 0.064513
0.392138 0.098047 0.098047 0.098034 0.078436 0.078436 0.078435 0.078427
0.322568 0.161284 0.161283 0.080652 0.080652 0.064520 0.064520 0.064520
