0.293151 0.293151 0.146575 0.073297 0.073297 0.058636 0.032575 0.029317
0.227268 0.227268 0.227265 0.113633 0.056824 0.056824 0.045458 0.045458
0.268498 0.268429 0.134232 0.134215 0.053691 0.053691 0.053686 0.033558
0.215051 0.215051 0.215051 0.107526 0.107526 0.053770 0.043015 0.043010
0.227309 0.227254 0.227254 0.113627 0.056821 0.056820 0.045458 0.045456
0.256407 0.256407 0.128204 0.128203 0.064110 0.064101 0.051287 0.051281
0.264899 0.264899 0.132449 0.132448 0.066224 0.052985 0.052979 0.033117
0.298548 0.298471 0.149255 0.074627 0.059700 0.059700 0.029849 0.029849
0.298733 0.149386 0.149385 0.119505 0.119505 0.066391 0.059751 0.037344
0.200028 0.199977 0.199977 0.100014 0.100001 0.100001 0.050001 0.050001
0.235330 0.235269 0.117650 0.117650 0.117635 0.058825 0.058825 0.058817
0.200023 0.200020 0.199971 0.100011 0.099999 0.099986 0.049999 0.049993
0.190510 0.190461 0.190461 0.095243 0.095243 0.095231 0.095231 0.047621
0.166688 0.166688 0.166645 0.166645 0.083344 0.083333 0.083333 0.083323
0.292247 0.292172 0.146105 0.073052 0.073052 0.058440 0.032466 0.032466
0.200028 0.199977 0.199977 0.100014 0.100001 0.100001 0.050001 0.050001
0.235282 0.235282 0.117671 0.117656 0.117641 0.058828 0.058820 0.058820
0.235330 0.235269 0.117650 0.117650 0.117635 0.058825 0.058825 0.058817
0.238132 0.238071 0.119051 0.119050 0.119035 0.059525 0.059517 0.047619
0.317495 0.158727 0.158726 0.079364 0.079353 0.079353 0.063493 0.063489
0.253179 0.253179 0.126590 0.126573 0.063287 0.063287 0.063278 0.050628
0.190475 0.190475 0.190472 0.190472 0.095237 0.047625 0.047625 0.047618
0.200037 0.199986 0.199982 0.100005 0.099993 0.099992 0.050003 0.050003
0.190508 0.190462 0.190462 0.095243 0.095242 0.095231 0.095230 0.047621
0.199998 0.199998 0.199995 0.099999 0.099999 0.099998 0.050006 0.050006
0.241004 0.240943 0.120487 0.120471 0.120470 0.060236 0.048196 0.048193
0.256407 0.256403 0.128204 0.128202 0.064110 0.064101 0.051287 0.051287
0.322569 0.161286 0.161284 0.080654 0.080643 0.064521 0.064521 0.064521
0.289834 0.144938 0.144937 0.144918 0.072469 0.072469 0.072459 0.057977
0.202016 0.202016 0.202013 0.101020 0.101008 0.101007 0.050510 0.040409
0.181853 0.181806 0.181806 0.181803 0.090914 0.090903 0.045457 0.045457
0.200000 0.199997 0.199997 0.100000 0.099999 0.099999 0.050006 0.050000
0.222255 0.222202 0.111114 0.111113 0.111101 0.111100 0.055558 0.055557
0.312485 0.156261 0.156243 0.078131 0.078131 0.078121 0.078121 0.062507
0.270265 0.270261 0.135132 0.067575 0.067575 0.067566 0.067566 0.054061
0.173935 0.173935 0.173891 0.173891 0.086968 0.086957 0.086945 0.043478
0.222214 0.222210 0.111121 0.111120 0.111107 0.111106 0.055561 0.055561
0.166699 0.166656 0.166656 0.166656 0.083339 0.083339 0.083328 0.083328
0.190497 0.190494 0.190448 0.095248 0.095236 0.095235 0.095224 0.047618
0.256444 0.256379 0.128222 0.128189 0.064103 0.064095 0.051284 0.051284
0.235326 0.235266 0.117663 0.117648 0.117633 0.058824 0.058824 0.058816
0.173948 0.173903 0.173903 0.173900 0.086962 0.086952 0.086951 0.043481
0.175463 0.175463 0.175418 0.175418 0.087720 0.087720 0.087709 0.035089
0.190472 0.190472 0.190469 0.095248 0.095248 0.095236 0.095235 0.047618
0.166688 0.166688 0.166645 0.166645 0.083344 0.083333 0.083333 0.083323
0.210563 0.210509 0.210509 0.105268 0.105255 0.052634 0.052634 0.052627
0.190504 0.190504 0.190455 0.190455 0.095228 0.047620 0.047620 0.047614
0.256403 0.256403 0.128202 0.128202 0.064109 0.064109 0.051286 0.051286
0.190510 0.190461 0.190461 0.095243 0.095243 0.095231 0.095231 0.047621
0.166667 0.166667 0.166667 0.166667 0.083333 0.083333 0.083333 0.083333
0.285709 0.142855 0.142855 0.142855 0.071436 0.071436 0.071427 0.071427
0.256446 0.256380 0.128207 0.128207 0.064103 0.064095 0.051281 0.051281
0.173947 0.173902 0.173902 0.173902 0.086962 0.086951 0.086951 0.043481
0.253159 0.253159 0.126580 0.126580 0.063298 0.063297 0.063290 0.050637
0.285751 0.142857 0.142857 0.142839 0.071429 0.071428 0.071419 0.071419
0.166667 0.166667 0.166667 0.166665 0.083334 0.083334 0.083333 0.083333
0.264937 0.264873 0.132453 0.132437 0.066227 0.052980 0.052980 0.033113
0.200024 0.200021 0.199973 0.099999 0.099998 0.099986 0.050000 0.049999
0.200020 0.200017 0.199969 0.100009 0.099997 0.099997 0.049999 0.049992
0.181842 0.181839 0.181796 0.181796 0.090909 0.090909 0.045455 0.045454
0.190504 0.190458 0.190458 0.095252 0.095240 0.095240 0.095229 0.047620
0.200027 0.199978 0.199978 0.100013 0.100001 0.100001 0.050001 0.050001
0.212764 0.212764 0.212764 0.106382 0.106382 0.053198 0.053191 0.042557
0.173913 0.173913 0.173913 0.173910 0.086956 0.086956 0.086956 0.043484
0.173947 0.173902 0.173902 0.173902 0.086962 0.086951 0.086951 0.043481
0.210525 0.210525 0.210525 0.105262 0.105262 0.052638 0.052631 0.052631
0.212762 0.212762 0.212762 0.106381 0.106381 0.053197 0.053197 0.042557
0.222219 0.222219 0.111110 0.111110 0.111110 0.111110 0.055562 0.055561
0.190510 0.190461 0.190461 0.095243 0.095243 0.095231 0.095231 0.047621
0.210524 0.210524 0.210524 0.105262 0.105262 0.052638 0.052637 0.052631
0.253203 0.253138 0.126585 0.126569 0.063293 0.063293 0.063285 0.050635
0.312492 0.156246 0.156246 0.078133 0.078133 0.078123 0.078123 0.062505
0.238092 0.238092 0.119046 0.119046 0.119046 0.059531 0.059523 0.047623
0.181849 0.181805 0.181805 0.181805 0.090914 0.090914 0.045457 0.045451
0.173913 0.173913 0.173913 0.173910 0.086956 0.086956 0.086956 0.043484
0.200032 0.199981 0.199981 0.100016 0.100003 0.099990 0.050002 0.049995
0.190505 0.190456 0.190456 0.095253 0.095240 0.095240 0.095228 0.047620
0.200018 0.200018 0.199967 0.100009 0.099996 0.099996 0.049998 0.049998
0.210563 0.210509 0.210509 0.105268 0.105255 0.052634 0.052634 0.052627
0.173945 0.173900 0.173900 0.173900 0.086961 0.086961 0.086950 0.043481
0.200029 0.199978 0.199978 0.100015 0.100002 0.100002 0.050001 0.049995
0.166688 0.166688 0.166645 0.166645 0.083344 0.083333 0.083333 0.083323
0.248488 0.248424 0.248424 0.062114 0.062114 0.049690 0.049690 0.031057
0.173936 0.173933 0.173891 0.173891 0.086967 0.086956 0.086946 0.043478
0.222251 0.222194 0.111125 0.111111 0.111111 0.111097 0.055556 0.055556
0.212801 0.212746 0.212746 0.106387 0.106386 0.053193 0.053186 0.042554
0.200035 0.199984 0.199981 0.100005 0.100004 0.099992 0.050002 0.049996
0.283681 0.283677 0.141841 0.070929 0.070929 0.056742 0.056736 0.035465
0.238135 0.238074 0.119051 0.119037 0.119036 0.059526 0.059518 0.047622
0.166697 0.166657 0.166657 0.166655 0.083339 0.083338 0.083329 0.083328
0.173913 0.173913 0.173911 0.173911 0.086957 0.086956 0.086955 0.043484
0.166700 0.166657 0.166657 0.166654 0.083339 0.083338 0.083328 0.083328
0.181845 0.181845 0.181798 0.181798 0.090911 0.090899 0.045455 0.045449
0.173947 0.173902 0.173902 0.173902 0.086962 0.086951 0.086951 0.043481
0.229908 0.229907 0.229848 0.114939 0.057469 0.045977 0.045977 0.045974
0.173934 0.173931 0.173889 0.173889 0.086966 0.086956 0.086955 0.043478
0.210561 0.210506 0.210506 0.105280 0.105253 0.052633 0.052633 0.052627
0.238122 0.238061 0.119061 0.119046 0.119046 0.059523 0.059523 0.047619
0.200034 0.199983 0.199980 0.100004 0.100003 0.099991 0.050002 0.050002
0.496262 0.124082 0.099263 0.099263 0.055145 0.049630 0.038178 0.038178
0.234079 0.234049 0.117040 0.117039 0.093629 0.093629 0.058520 0.052015
0.281685 0.281685 0.140842 0.070421 0.056346 0.056343 0.056343 0.056337
0.210563 0.210509 0.210509 0.105268 0.105255 0.052634 0.052634 0.052627
0.224715 0.224715 0.224715 0.112357 0.056186 0.056186 0.056179 0.044948
0.210524 0.210524 0.210524 0.105262 0.105262 0.052638 0.052637 0.052631
0.367013 0.183459 0.091742 0.091741 0.073395 0.073391 0.073391 0.045868
0.404021 0.101018 0.101018 0.101005 0.080813 0.080812 0.080804 0.050509
0.322568 0.161284 0.161283 0.080652 0.080652 0.064520 0.064520 0.064520
