0.296119 0.296119 0.148059 0.074039 0.074039 0.059230 0.029614 0.022781
0.319988 0.319984 0.080007 0.080007 0.064004 0.064004 0.040004 0.032001
0.421519 0.210787 0.084313 0.084313 0.052697 0.052693 0.046840 0.046839
0.377348 0.188674 0.094349 0.094337 0.075477 0.075470 0.047175 0.047171
0.264896 0.264896 0.132448 0.132448 0.066233 0.052985 0.052979 0.033114
0.277769 0.277769 0.138885 0.069451 0.069451 0.055562 0.055560 0.055554
0.350853 0.175448 0.087725 0.087724 0.087713 0.070181 0.070178 0.070177
0.295317 0.295317 0.147659 0.073839 0.059070 0.059063 0.036919 0.032816
0.248613 0.248611 0.124306 0.099456 0.099445 0.062161 0.062157 0.055252
0.444319 0.222188 0.088878 0.088863 0.049369 0.044432 0.034180 0.027772
0.477837 0.238949 0.119475 0.047787 0.029867 0.029867 0.028110 0.028110
0.431531 0.172630 0.172630 0.053945 0.050771 0.050771 0.034524 0.033196
0.238122 0.238061 0.119061 0.119046 0.119046 0.059523 0.059523 0.047619
0.298547 0.149253 0.149235 0.149234 0.074627 0.059703 0.059700 0.059700
0.283728 0.283655 0.141845 0.070923 0.070923 0.056737 0.056731 0.035459
0.322617 0.161288 0.161267 0.080644 0.080644 0.064517 0.064514 0.064510
0.238114 0.238110 0.119056 0.119042 0.119026 0.059520 0.059513 0.047618
0.200033 0.199982 0.199982 0.100004 0.100004 0.099991 0.050002 0.050002
0.166688 0.166688 0.166645 0.166645 0.083344 0.083333 0.083333 0.083323
0.310072 0.310067 0.077528 0.077517 0.062024 0.062017 0.062014 0.038761
0.473096 0.236579 0.118289 0.052571 0.047313 0.029570 0.023657 0.018925
0.210558 0.210504 0.210504 0.105279 0.105265 0.052633 0.052633 0.052626
0.253153 0.253153 0.126609 0.126576 0.063296 0.063288 0.063288 0.050638
0.235332 0.235271 0.117651 0.117651 0.117636 0.058825 0.058818 0.058817
0.256451 0.256385 0.128209 0.128193 0.064105 0.064096 0.051282 0.051279
0.217401 0.217399 0.108701 0.108686 0.086963 0.086953 0.086949 0.086948
0.306660 0.306660 0.153330 0.061319 0.061319 0.038325 0.038322 0.034064
0.426499 0.213277 0.106624 0.085313 0.085299 0.032809 0.025090 0.025090
0.224716 0.224716 0.224712 0.112358 0.056186 0.056186 0.056179 0.044948
0.192307 0.192307 0.192304 0.192304 0.096153 0.048083 0.048076 0.038465
0.200037 0.199986 0.199982 0.100005 0.099993 0.099992 0.050003 0.050003
0.202019 0.202019 0.202016 0.101009 0.101009 0.101009 0.050511 0.040408
0.289843 0.144939 0.144922 0.144921 0.072470 0.072470 0.072461 0.057975
0.243895 0.243895 0.121962 0.121948 0.121947 0.048786 0.048784 0.048784
0.235291 0.235291 0.117645 0.117645 0.117645 0.058830 0.058830 0.058822
0.259780 0.259714 0.129874 0.129857 0.064928 0.051951 0.051948 0.051948
0.283683 0.283678 0.141841 0.070930 0.070920 0.056742 0.056742 0.035462
0.256397 0.128200 0.102571 0.102571 0.102571 0.102571 0.102560 0.102560
0.224727 0.224725 0.112363 0.112348 0.089893 0.089888 0.089878 0.056178
0.297515 0.297510 0.148756 0.074388 0.059512 0.059506 0.033060 0.029754
0.382764 0.191385 0.191383 0.076562 0.047852 0.047849 0.038280 0.023925
0.235285 0.235281 0.117657 0.117657 0.117642 0.058829 0.058829 0.058821
0.227264 0.227264 0.227261 0.113646 0.056823 0.056823 0.045460 0.045458
0.212765 0.212762 0.212762 0.106383 0.106382 0.053198 0.053191 0.042557
0.384596 0.096161 0.096161 0.096149 0.096148 0.076931 0.076927 0.076926
0.350865 0.175431 0.087728 0.087727 0.087716 0.070184 0.070176 0.070173
0.281688 0.281688 0.140843 0.070421 0.056343 0.056343 0.056337 0.056337
0.208343 0.208318 0.104172 0.104172 0.104159 0.104158 0.083340 0.083336
0.277771 0.277767 0.138886 0.069452 0.069442 0.055563 0.055560 0.055560
0.330565 0.165285 0.165284 0.082653 0.082653 0.066121 0.066113 0.041327
0.303077 0.302998 0.075759 0.075749 0.060609 0.060606 0.060602 0.060599
0.202042 0.202042 0.201990 0.101021 0.101008 0.100995 0.050497 0.040404
0.281679 0.281679 0.140857 0.070419 0.056344 0.056342 0.056341 0.056338
0.285704 0.142871 0.142852 0.142851 0.071435 0.071435 0.071426 0.071426
0.202055 0.202003 0.202003 0.101015 0.101015 0.101002 0.050501 0.040407
0.294149 0.147074 0.147056 0.147037 0.073528 0.073518 0.058820 0.058818
0.327901 0.163949 0.163909 0.081954 0.065573 0.065573 0.065570 0.065570
0.283676 0.283676 0.141856 0.070928 0.070918 0.056744 0.056738 0.035464
0.281722 0.281650 0.140861 0.070422 0.056339 0.056339 0.056336 0.056333
0.235326 0.235266 0.117663 0.117648 0.117633 0.058824 0.058824 0.058816
0.215091 0.215036 0.215033 0.107531 0.107517 0.053766 0.043014 0.043012
0.241801 0.241800 0.241738 0.120869 0.048355 0.048353 0.030221 0.026862
0.355711 0.177879 0.177856 0.088939 0.088939 0.039527 0.035575 0.035574
0.289844 0.144941 0.144922 0.144921 0.072470 0.072470 0.072460 0.057971
0.277767 0.277767 0.138902 0.069442 0.069441 0.055562 0.055559 0.055559
0.181840 0.181840 0.181794 0.181794 0.090920 0.090909 0.045454 0.045448
0.270260 0.270260 0.135147 0.067574 0.067573 0.067565 0.067565 0.054057
0.277823 0.277752 0.138876 0.069447 0.069438 0.055556 0.055556 0.055550
0.229914 0.229914 0.229855 0.114927 0.057463 0.045978 0.045976 0.045973
0.311410 0.311410 0.077862 0.077852 0.062292 0.062288 0.062282 0.034604
0.256403 0.256403 0.128202 0.128202 0.064109 0.064109 0.051286 0.051286
0.192342 0.192292 0.192292 0.096159 0.096159 0.096146 0.096146 0.038464
0.240963 0.240959 0.120481 0.120481 0.120480 0.060241 0.048197 0.048197
0.212803 0.212749 0.212749 0.106388 0.106374 0.053194 0.053187 0.042556
0.253161 0.253161 0.126581 0.126581 0.063298 0.063290 0.063290 0.050637
0.238094 0.238094 0.119047 0.119047 0.119047 0.059524 0.059524 0.047624
0.173944 0.173902 0.173902 0.173902 0.086962 0.086962 0.086951 0.043476
0.322570 0.161285 0.161285 0.080653 0.080653 0.064521 0.064521 0.064514
0.259778 0.259712 0.129872 0.129872 0.064928 0.051948 0.051948 0.051942
0.200000 0.200000 0.199996 0.100000 0.100000 0.099999 0.050006 0.050000
0.289837 0.144937 0.144937 0.144919 0.072469 0.072469 0.072459 0.057973
0.227268 0.227268 0.227268 0.113634 0.056824 0.056817 0.045461 0.045458
0.190476 0.190476 0.190473 0.095238 0.095238 0.095237 0.095237 0.047625
0.190510 0.190461 0.190461 0.095243 0.095243 0.095231 0.095231 0.047621
0.235292 0.235292 0.117646 0.117646 0.117646 0.058830 0.058823 0.058823
0.235292 0.235292 0.117646 0.117646 0.117646 0.058830 0.058823 0.058823
0.317450 0.158725 0.158725 0.079373 0.079372 0.079363 0.063497 0.063496
0.350915 0.175435 0.087717 0.087706 0.087706 0.070175 0.070172 0.070172
0.256406 0.256406 0.128203 0.128202 0.064109 0.064102 0.051286 0.051286
0.312492 0.156246 0.156245 0.078133 0.078133 0.078123 0.078123 0.062505
0.256448 0.256382 0.128208 0.128191 0.064104 0.064103 0.051282 0.051282
0.264937 0.264873 0.132453 0.132437 0.066227 0.052980 0.052980 0.033113
0.200024 0.200021 0.199973 0.099999 0.099998 0.099986 0.050000 0.049999
0.240998 0.240940 0.120484 0.120484 0.120470 0.060235 0.048195 0.048193
0.294138 0.147070 0.147052 0.147051 0.073526 0.073517 0.058822 0.058822
0.212795 0.212744 0.212744 0.106398 0.106385 0.053192 0.053186 0.042555
0.210559 0.210508 0.210505 0.105267 0.105266 0.052634 0.052633 0.052627
0.181842 0.181839 0.181796 0.181796 0.090909 0.090909 0.045455 0.045454
0.259774 0.259711 0.129871 0.129871 0.064928 0.051950 0.051947 0.051947
0.285739 0.142869 0.142852 0.142852 0.071426 0.071426 0.071418 0.071418
0.212795 0.212744 0.212744 0.106398 0.106385 0.053192 0.053186 0.042555
0.200019 0.200016 0.199968 0.100009 0.099997 0.099996 0.049998 0.049998
0.212764 0.212764 0.212764 0.106382 0.106382 0.053198 0.053191 0.042557
0.173913 0.173913 0.173913 0.173910 0.086956 0.086956 0.086956 0.043484
0.202056 0.202005 0.202005 0.101015 0.101002 0.101002 0.050507 0.040407
0.277771 0.277771 0.138885 0.069451 0.069443 0.055560 0.055560 0.055560
0.212757 0.212757 0.106391 0.106391 0.106379 0.085111 0.085111 0.085103
0.303070 0.302997 0.075758 0.075749 0.060608 0.060605 0.060605 0.060605
0.215051 0.215051 0.215051 0.107525 0.107525 0.053769 0.043014 0.043014
0.222221 0.222221 0.111110 0.111110 0.111110 0.111110 0.055562 0.055555
0.190510 0.190461 0.190461 0.095243 0.095243 0.095231 0.095231 0.047621
0.270305 0.135135 0.135135 0.135118 0.135118 0.067568 0.067567 0.054055
0.298496 0.298496 0.074634 0.074633 0.074624 0.059705 0.059705 0.059705
0.294110 0.147074 0.147055 0.147055 0.073527 0.073527 0.058828 0.058825
0.357130 0.178565 0.089294 0.089282 0.071433 0.071433 0.071433 0.071430
0.350871 0.175435 0.087729 0.087718 0.087718 0.070181 0.070174 0.070174
0.327859 0.163930 0.163930 0.081975 0.065579 0.065578 0.065578 0.065572
0.192342 0.192295 0.192295 0.192295 0.096159 0.048080 0.048074 0.038459
0.199998 0.199998 0.199995 0.099999 0.099998 0.099998 0.050006 0.050006
0.238130 0.238068 0.119050 0.119050 0.119034 0.059525 0.059525 0.047619
0.238081 0.238081 0.119071 0.119056 0.119040 0.059528 0.059520 0.047623
0.200033 0.199982 0.199982 0.100004 0.100004 0.099991 0.050002 0.050002
0.357127 0.178564 0.089293 0.089281 0.071436 0.071436 0.071433 0.071429
0.360338 0.180192 0.090096 0.090096 0.090084 0.072075 0.072071 0.045048
0.212802 0.212747 0.212747 0.106387 0.106374 0.053194 0.053193 0.042556
0.212761 0.212761 0.212761 0.106394 0.106380 0.053197 0.053190 0.042557
0.235324 0.235264 0.117662 0.117647 0.117647 0.058824 0.058816 0.058816
0.235334 0.235270 0.117651 0.117637 0.117636 0.058826 0.058826 0.058819
0.200023 0.200023 0.199972 0.099999 0.099999 0.099986 0.049999 0.049999
0.317503 0.317422 0.079366 0.079366 0.063491 0.063491 0.039683 0.039680
0.294149 0.147056 0.147056 0.147037 0.073528 0.073528 0.058824 0.058824
0.210566 0.210512 0.210509 0.105269 0.105255 0.052635 0.052628 0.052628
0.188689 0.188689 0.188664 0.094344 0.094332 0.094332 0.075477 0.075474
0.281680 0.281680 0.140858 0.070420 0.056345 0.056342 0.056339 0.056336
0.173936 0.173933 0.173891 0.173891 0.086967 0.086956 0.086946 0.043478
0.266655 0.133345 0.133345 0.133328 0.133328 0.066672 0.066664 0.066663
0.212804 0.212749 0.212749 0.106388 0.106375 0.053194 0.053187 0.042554
0.235328 0.235268 0.117664 0.117649 0.117634 0.058824 0.058816 0.058816
0.181842 0.181841 0.181795 0.181795 0.090909 0.090909 0.045455 0.045455
0.256446 0.256380 0.128207 0.128206 0.064103 0.064095 0.051281 0.051281
0.227317 0.227259 0.227255 0.113628 0.056814 0.056814 0.045456 0.045456
0.181818 0.181818 0.181818 0.181815 0.090909 0.090908 0.045460 0.045454
0.212765 0.212765 0.212761 0.106382 0.106381 0.053198 0.053191 0.042557
0.212804 0.212749 0.212746 0.106388 0.106375 0.053194 0.053187 0.042556
0.181817 0.181817 0.181814 0.181814 0.090908 0.090908 0.045460 0.045460
0.289847 0.289843 0.144924 0.072471 0.072471 0.057975 0.036236 0.036233
0.241003 0.240941 0.120485 0.120470 0.120469 0.060243 0.048196 0.048193
0.190512 0.190463 0.190463 0.190460 0.095244 0.047622 0.047622 0.047616
0.190509 0.190463 0.190460 0.095243 0.095242 0.095231 0.095231 0.047621
0.273966 0.273962 0.136982 0.068500 0.068500 0.068492 0.054799 0.054799
0.256454 0.256384 0.128210 0.128193 0.064097 0.064096 0.051283 0.051283
0.212767 0.212763 0.212763 0.106383 0.106383 0.053191 0.053191 0.042558
0.166700 0.166657 0.166657 0.166654 0.083339 0.083338 0.083328 0.083328
0.190506 0.190505 0.190456 0.190456 0.095228 0.047620 0.047614 0.047614
0.173945 0.173900 0.173900 0.173900 0.086961 0.086961 0.086950 0.043481
0.222250 0.222196 0.111126 0.111113 0.111112 0.111098 0.055556 0.055549
0.204116 0.204064 0.204064 0.102045 0.102045 0.102032 0.040817 0.040817
0.312541 0.156250 0.156230 0.078125 0.078125 0.078115 0.078114 0.062499
0.322617 0.161288 0.161288 0.080644 0.080633 0.064514 0.064510 0.064507
0.261439 0.261434 0.130719 0.130718 0.065359 0.065359 0.052287 0.032684
0.236710 0.236709 0.236648 0.118339 0.047337 0.047337 0.047335 0.029585
0.181854 0.181807 0.181807 0.181804 0.090915 0.090903 0.045458 0.045451
0.200027 0.199979 0.199979 0.100015 0.100002 0.100002 0.050001 0.049995
0.271276 0.271276 0.135673 0.135638 0.067819 0.054264 0.033912 0.030144
0.379382 0.189666 0.094833 0.094833 0.075865 0.075860 0.047413 0.042146
0.235302 0.235300 0.094118 0.094118 0.094118 0.094113 0.094108 0.058822
0.322617 0.161288 0.161267 0.080644 0.080644 0.064517 0.064513 0.064510
0.212784 0.212784 0.212729 0.106392 0.106378 0.053189 0.053189 0.042552
0.505674 0.126435 0.101145 0.101145 0.056191 0.038902 0.038902 0.031607
0.245575 0.245544 0.122788 0.122788 0.098228 0.061394 0.054570 0.049114
0.314952 0.314952 0.078737 0.063000 0.062997 0.062997 0.062990 0.039374
0.256401 0.256401 0.128217 0.128200 0.064108 0.064100 0.051288 0.051285
0.322562 0.161302 0.161281 0.080651 0.080651 0.064522 0.064519 0.064512
0.336126 0.168063 0.168063 0.084031 0.067232 0.067232 0.067232 0.042021
0.283680 0.283680 0.141840 0.070929 0.070929 0.056742 0.056736 0.035464
0.212764 0.212764 0.212764 0.106382 0.106382 0.053197 0.053191 0.042557
0.465758 0.116425 0.116425 0.093137 0.058208 0.051742 0.051737 0.046567
0.187120 0.187094 0.149692 0.149692 0.093554 0.083161 0.074844 0.074844
0.471178 0.117810 0.094245 0.094245 0.058905 0.058901 0.052358 0.052358
0.233959 0.233899 0.233899 0.116949 0.058482 0.046787 0.046785 0.029241
