0.132429 0.132429 0.074491 0.074491 0.074490 0.066214 0.047674 0.047674 0.047674 0.047674 0.047674 0.047674 0.047674 0.037246 0.037245 0.037245
0.122063 0.122063 0.068662 0.068660 0.068660 0.068660 0.068660 0.061031 0.043943 0.043943 0.043943 0.043943 0.043943 0.043943 0.043943 0.043943
0.128970 0.128970 0.072546 0.072546 0.072546 0.072545 0.064485 0.046429 0.046429 0.046429 0.046429 0.046429 0.046429 0.036273 0.036273 0.036273
0.136682 0.076884 0.076884 0.076884 0.076884 0.076883 0.068341 0.049206 0.049206 0.049206 0.049206 0.049205 0.049205 0.038442 0.038442 0.038442
0.123001 0.123001 0.069188 0.069188 0.069188 0.069188 0.061501 0.061501 0.044280 0.044280 0.044280 0.044280 0.044280 0.044280 0.044280 0.044280
0.129450 0.129450 0.072816 0.072815 0.064725 0.064725 0.046602 0.046602 0.046602 0.046602 0.046602 0.046602 0.046602 0.046602 0.046602 0.046602
0.132429 0.132429 0.074491 0.074491 0.074490 0.066214 0.047674 0.047674 0.047674 0.047674 0.047674 0.047674 0.047674 0.037246 0.037246 0.037245
0.115875 0.115875 0.115875 0.065181 0.065179 0.065179 0.065179 0.057937 0.041715 0.041715 0.041715 0.041715 0.041715 0.041715 0.041715 0.041715
0.134635 0.134635 0.075732 0.075731 0.067318 0.048469 0.048469 0.048469 0.048469 0.048469 0.048469 0.048469 0.048468 0.048468 0.037866 0.037866
0.123001 0.123001 0.069188 0.069188 0.069188 0.069188 0.061501 0.061501 0.044280 0.044280 0.044280 0.044280 0.044280 0.044280 0.044280 0.044280
0.136379 0.076715 0.076713 0.076713 0.076713 0.068189 0.068189 0.049097 0.049096 0.049096 0.049096 0.049096 0.049096 0.049096 0.038357 0.038357
0.119545 0.119545 0.119545 0.067246 0.067244 0.059773 0.059773 0.043037 0.043037 0.043037 0.043036 0.043036 0.043036 0.043036 0.043036 0.043036
0.137221 0.077187 0.077187 0.077187 0.068611 0.068611 0.049400 0.049400 0.049400 0.049400 0.049400 0.049400 0.049400 0.049399 0.049399 0.049399
0.164463 0.092511 0.059208 0.059208 0.059207 0.059207 0.059207 0.059207 0.059207 0.059207 0.046256 0.046256 0.046255 0.043535 0.043534 0.043534
0.133824 0.133824 0.075276 0.075276 0.075275 0.066912 0.048177 0.048177 0.048177 0.048177 0.048176 0.048176 0.037638 0.037638 0.037638 0.037638
0.127673 0.127673 0.071816 0.071816 0.071816 0.071815 0.063837 0.045962 0.045962 0.045962 0.045962 0.045962 0.045962 0.045962 0.035908 0.035908
0.131320 0.073867 0.073867 0.073867 0.073867 0.073867 0.073867 0.047275 0.047275 0.047275 0.047275 0.047275 0.047275 0.047275 0.047275 0.047275
0.139033 0.078208 0.078206 0.078206 0.078206 0.069517 0.050053 0.050052 0.050052 0.050052 0.050052 0.050052 0.050052 0.050052 0.039104 0.039104
0.125412 0.125412 0.070544 0.070544 0.070544 0.070544 0.070543 0.045148 0.045148 0.045148 0.045148 0.045148 0.045148 0.045148 0.045148 0.035272
0.129997 0.073123 0.073123 0.073123 0.073123 0.073123 0.064998 0.064998 0.046799 0.046799 0.046799 0.046799 0.046799 0.046799 0.046799 0.046799
0.126662 0.071249 0.071247 0.071247 0.071247 0.071247 0.071247 0.063331 0.063331 0.045599 0.045599 0.045599 0.045598 0.045598 0.045598 0.045598
0.123001 0.123001 0.069189 0.069188 0.069188 0.069188 0.061500 0.061500 0.044281 0.044281 0.044280 0.044280 0.044280 0.044280 0.044280 0.044280
0.123001 0.123001 0.069188 0.069188 0.069188 0.069188 0.061501 0.061501 0.044280 0.044280 0.044280 0.044280 0.044280 0.044280 0.044280 0.044280
0.123001 0.123001 0.069188 0.069188 0.069188 0.069188 0.061501 0.061501 0.044280 0.044280 0.044280 0.044280 0.044280 0.044280 0.044280 0.044280
0.145986 0.082117 0.082117 0.082117 0.052555 0.052555 0.052555 0.052555 0.052555 0.052555 0.052555 0.052555 0.052554 0.052554 0.041058 0.041058
0.123001 0.123001 0.069189 0.069188 0.069188 0.069188 0.061500 0.061500 0.044281 0.044280 0.044280 0.044280 0.044280 0.044280 0.044280 0.044280
0.119118 0.119118 0.067005 0.067004 0.067004 0.067004 0.067004 0.067003 0.059559 0.042883 0.042883 0.042883 0.042883 0.042883 0.042883 0.042883
0.111451 0.111451 0.111451 0.062693 0.062691 0.062691 0.062691 0.062691 0.055726 0.055726 0.040123 0.040123 0.040123 0.040123 0.040123 0.040123
0.129450 0.129450 0.072815 0.072815 0.064725 0.064725 0.046602 0.046602 0.046602 0.046602 0.046602 0.046602 0.046602 0.046602 0.046602 0.046602
0.116720 0.116720 0.116720 0.065655 0.065655 0.065654 0.058360 0.058360 0.042020 0.042020 0.042019 0.042019 0.042019 0.042019 0.042019 0.042019
0.140227 0.078880 0.078878 0.078878 0.078878 0.050483 0.050483 0.050482 0.050482 0.050482 0.050482 0.050482 0.050482 0.050482 0.050482 0.039439
0.145414 0.145414 0.081795 0.072707 0.052350 0.052350 0.052349 0.052349 0.052349 0.052349 0.040898 0.040898 0.040898 0.040898 0.038492 0.038492
0.129723 0.129723 0.072969 0.072969 0.072968 0.064861 0.046701 0.046701 0.046700 0.046700 0.046700 0.046700 0.046700 0.046700 0.046700 0.036485
0.121139 0.121139 0.068141 0.068141 0.068141 0.068141 0.068141 0.068140 0.043610 0.043610 0.043610 0.043610 0.043610 0.043610 0.043610 0.043610
0.128680 0.128680 0.072382 0.072382 0.072382 0.072382 0.046325 0.046325 0.046325 0.046325 0.046325 0.046325 0.046325 0.046324 0.046324 0.036191
0.131320 0.073869 0.073867 0.073867 0.073867 0.073867 0.073867 0.047276 0.047275 0.047275 0.047275 0.047275 0.047275 0.047275 0.047275 0.047275
0.137836 0.077534 0.077533 0.077533 0.077533 0.077532 0.049621 0.049621 0.049621 0.049621 0.049621 0.049621 0.049621 0.049621 0.038767 0.038767
0.136682 0.076884 0.076884 0.076884 0.076884 0.076883 0.068341 0.049206 0.049206 0.049206 0.049206 0.049206 0.049205 0.038442 0.038442 0.038442
0.123001 0.123001 0.069188 0.069188 0.069188 0.069188 0.061501 0.061501 0.044280 0.044280 0.044280 0.044280 0.044280 0.044280 0.044280 0.044280
0.127389 0.127389 0.071656 0.071656 0.071656 0.071655 0.045860 0.045860 0.045860 0.045860 0.045860 0.045860 0.045860 0.045860 0.045860 0.045860
0.082118 0.082117 0.082117 0.082116 0.072992 0.072992 0.052555 0.052555 0.052555 0.052555 0.052555 0.052555 0.052555 0.052555 0.052555 0.052555
0.108992 0.108992 0.108992 0.061309 0.061308 0.061308 0.061308 0.061308 0.061308 0.054496 0.054496 0.039237 0.039237 0.039237 0.039237 0.039237
0.123001 0.123001 0.069188 0.069188 0.069188 0.069188 0.061501 0.061501 0.044280 0.044280 0.044280 0.044280 0.044280 0.044280 0.044280 0.044280
0.127877 0.127877 0.127877 0.063939 0.046036 0.046036 0.046036 0.046036 0.046036 0.046036 0.046036 0.046036 0.046036 0.046036 0.046036 0.046036
0.120682 0.120682 0.120682 0.067884 0.067883 0.060341 0.060341 0.043446 0.043446 0.043446 0.043446 0.043446 0.043446 0.043445 0.043445 0.033942
0.122063 0.122063 0.068660 0.068660 0.068660 0.068660 0.068660 0.061031 0.043943 0.043943 0.043943 0.043943 0.043943 0.043943 0.043943 0.043943
0.137528 0.077360 0.077360 0.077360 0.077359 0.068764 0.049510 0.049510 0.049510 0.049510 0.049510 0.049510 0.049510 0.049510 0.049510 0.038680
0.095158 0.095158 0.084585 0.060901 0.060901 0.060901 0.060901 0.060901 0.060901 0.060900 0.060900 0.047579 0.047579 0.047579 0.047579 0.047579
0.126143 0.126143 0.070957 0.070955 0.070955 0.063071 0.063071 0.045412 0.045412 0.045411 0.045411 0.045411 0.045411 0.045411 0.045411 0.045411
0.139909 0.078700 0.078699 0.078699 0.069954 0.050368 0.050368 0.050367 0.050367 0.050367 0.050367 0.050367 0.050367 0.050367 0.050367 0.050367
0.123001 0.123001 0.069188 0.069188 0.069188 0.069188 0.061501 0.061501 0.044280 0.044280 0.044280 0.044280 0.044280 0.044280 0.044280 0.044280
0.121580 0.121580 0.121580 0.068389 0.068389 0.060790 0.043770 0.043769 0.043769 0.043769 0.043769 0.043769 0.043769 0.043769 0.043769 0.043769
0.114025 0.114025 0.114025 0.064140 0.064139 0.064139 0.064139 0.057012 0.057012 0.041049 0.041049 0.041049 0.041049 0.041049 0.041049 0.041049
0.126143 0.126143 0.070955 0.070955 0.070955 0.063072 0.063072 0.045412 0.045412 0.045412 0.045412 0.045412 0.045412 0.045412 0.045412 0.045412
0.136054 0.076531 0.076531 0.076531 0.076530 0.068027 0.048980 0.048980 0.048980 0.048980 0.048980 0.048980 0.048980 0.048980 0.048980 0.048980
0.133511 0.075100 0.075100 0.075100 0.075100 0.066756 0.066756 0.048065 0.048065 0.048064 0.048064 0.048064 0.048064 0.048064 0.048064 0.048064
0.115875 0.115875 0.115875 0.065180 0.065180 0.065180 0.065180 0.057937 0.041715 0.041715 0.041715 0.041715 0.041715 0.041715 0.041715 0.041715
0.083273 0.083272 0.083271 0.083271 0.083271 0.074019 0.053294 0.053294 0.053294 0.053294 0.053294 0.053294 0.053293 0.053293 0.041636 0.041636
0.125156 0.125156 0.070402 0.070400 0.070400 0.070400 0.062578 0.045057 0.045056 0.045056 0.045056 0.045056 0.045056 0.045056 0.045056 0.045056
0.149421 0.084051 0.084049 0.084048 0.053792 0.053791 0.053791 0.053791 0.053791 0.053791 0.053791 0.053791 0.042025 0.042025 0.042025 0.042025
0.128970 0.128970 0.072546 0.072546 0.072546 0.072546 0.064485 0.046429 0.046429 0.046429 0.046429 0.046429 0.046429 0.036273 0.036273 0.036273
0.142147 0.079957 0.079957 0.079957 0.079957 0.071073 0.051173 0.051173 0.051173 0.051173 0.051173 0.051172 0.039979 0.039979 0.039979 0.039979
0.087961 0.087959 0.087959 0.087958 0.078186 0.056295 0.056295 0.056294 0.056294 0.056294 0.056294 0.056294 0.043980 0.043980 0.043980 0.043980
0.135226 0.076066 0.076065 0.076065 0.076065 0.076064 0.067613 0.048682 0.048681 0.048681 0.048681 0.048681 0.048681 0.048681 0.038033 0.038033
0.148066 0.083289 0.083287 0.083287 0.074033 0.053304 0.053304 0.053304 0.053304 0.053304 0.053303 0.041644 0.041644 0.041643 0.041643 0.041643
0.162053 0.091155 0.091155 0.091155 0.058339 0.058339 0.058339 0.045577 0.045577 0.045577 0.045577 0.042896 0.042896 0.042896 0.042896 0.035573
0.118659 0.118659 0.118659 0.066746 0.066746 0.066746 0.059330 0.042717 0.042717 0.042717 0.042717 0.042717 0.042717 0.042717 0.042717 0.042717
0.125156 0.125156 0.070402 0.070400 0.070400 0.070400 0.062578 0.045057 0.045056 0.045056 0.045056 0.045056 0.045056 0.045056 0.045056 0.045056
0.123001 0.123001 0.069189 0.069188 0.069188 0.069187 0.061501 0.061501 0.044281 0.044281 0.044280 0.044280 0.044280 0.044280 0.044280 0.044280
0.120919 0.120919 0.120919 0.068018 0.068017 0.068016 0.060459 0.043531 0.043531 0.043531 0.043531 0.043531 0.043530 0.043530 0.034009 0.034009
0.119779 0.119779 0.119779 0.067375 0.067375 0.067375 0.059889 0.043120 0.043120 0.043120 0.043120 0.043120 0.043120 0.043120 0.043120 0.033688
0.093652 0.083247 0.083247 0.059938 0.059938 0.059938 0.059938 0.059938 0.059938 0.059938 0.059938 0.059938 0.059937 0.046826 0.046826 0.046826
0.134419 0.134419 0.075611 0.075611 0.075610 0.067210 0.048391 0.048391 0.048391 0.048391 0.048391 0.048391 0.037805 0.037805 0.035582 0.035582
0.123001 0.123001 0.069188 0.069188 0.069188 0.069187 0.061501 0.061501 0.044281 0.044281 0.044281 0.044280 0.044280 0.044280 0.044280 0.044280
0.129997 0.073125 0.073123 0.073123 0.073123 0.073122 0.064998 0.064998 0.046799 0.046799 0.046799 0.046799 0.046799 0.046799 0.046799 0.046799
0.125885 0.125885 0.125885 0.070810 0.062943 0.045319 0.045319 0.045319 0.045319 0.045319 0.045319 0.045319 0.045319 0.045318 0.045318 0.035406
0.115875 0.115875 0.115875 0.065181 0.065179 0.065179 0.065179 0.057937 0.041715 0.041715 0.041715 0.041715 0.041715 0.041715 0.041715 0.041715
0.116720 0.116720 0.116720 0.065656 0.065655 0.065655 0.058360 0.058360 0.042020 0.042020 0.042019 0.042019 0.042019 0.042019 0.042019 0.042019
0.118659 0.118659 0.118659 0.066746 0.066746 0.066746 0.059330 0.042717 0.042717 0.042717 0.042717 0.042717 0.042717 0.042717 0.042717 0.042717
0.134930 0.134930 0.075898 0.075898 0.075898 0.048575 0.048575 0.048575 0.048575 0.048575 0.048575 0.048575 0.048575 0.037949 0.037949 0.037949
0.141143 0.079393 0.079393 0.070572 0.070572 0.050812 0.050812 0.050812 0.050812 0.050812 0.050812 0.050812 0.050812 0.050812 0.050812 0.050812
0.122063 0.122063 0.068660 0.068660 0.068660 0.068660 0.068660 0.061031 0.043943 0.043943 0.043943 0.043943 0.043943 0.043943 0.043943 0.043943
0.115058 0.115058 0.115058 0.064720 0.064720 0.064720 0.064720 0.057529 0.057529 0.041421 0.041421 0.041421 0.041421 0.041421 0.041421 0.032360
0.140573 0.079072 0.079072 0.079072 0.079072 0.070286 0.050607 0.050606 0.050606 0.050606 0.050606 0.050606 0.050606 0.039536 0.039536 0.039536
0.141468 0.079576 0.079576 0.079575 0.070734 0.050929 0.050928 0.050928 0.050928 0.050928 0.050928 0.050928 0.050928 0.050928 0.050928 0.039788
0.131061 0.131061 0.073724 0.073722 0.073721 0.065531 0.047183 0.047183 0.047182 0.047182 0.047182 0.047182 0.047182 0.047182 0.036861 0.036861
0.136078 0.136078 0.076544 0.076543 0.068039 0.048988 0.048988 0.048988 0.048988 0.048988 0.048988 0.048988 0.048988 0.038272 0.038272 0.038272
0.125157 0.125157 0.070401 0.070401 0.070401 0.070400 0.062578 0.045056 0.045056 0.045056 0.045056 0.045056 0.045056 0.045056 0.045056 0.045056
0.127673 0.127673 0.071816 0.071816 0.071816 0.071816 0.063837 0.045962 0.045962 0.045962 0.045962 0.045962 0.045962 0.045962 0.035908 0.035908
0.127673 0.127673 0.071817 0.071816 0.071816 0.071815 0.063836 0.045963 0.045963 0.045962 0.045962 0.045962 0.045962 0.045962 0.035908 0.035908
0.083474 0.083472 0.083472 0.083472 0.083472 0.083471 0.053423 0.053423 0.053422 0.053422 0.053422 0.053422 0.053422 0.041737 0.041737 0.041737
0.114025 0.114025 0.114025 0.064139 0.064139 0.064139 0.064138 0.057012 0.057012 0.041050 0.041050 0.041050 0.041049 0.041049 0.041049 0.041049
0.115875 0.115875 0.115875 0.065180 0.065180 0.065180 0.065179 0.057937 0.041715 0.041715 0.041715 0.041715 0.041715 0.041715 0.041715 0.041715
0.142704 0.080272 0.080271 0.080271 0.051374 0.051374 0.051374 0.051373 0.051373 0.051373 0.051373 0.051373 0.051373 0.051373 0.051373 0.051373
0.128411 0.128411 0.072232 0.072231 0.072230 0.064205 0.046228 0.046228 0.046228 0.046228 0.046228 0.046228 0.046228 0.046228 0.046228 0.046228
0.120664 0.120664 0.120664 0.067873 0.067873 0.067873 0.043439 0.043439 0.043439 0.043439 0.043439 0.043439 0.043439 0.043439 0.043439 0.043439
0.129723 0.129723 0.072969 0.072969 0.072968 0.064861 0.046700 0.046700 0.046700 0.046700 0.046700 0.046700 0.046700 0.046700 0.046700 0.036485
0.125157 0.125157 0.070401 0.070401 0.070401 0.070400 0.062578 0.045056 0.045056 0.045056 0.045056 0.045056 0.045056 0.045056 0.045056 0.045056
0.120012 0.120012 0.067508 0.067507 0.067507 0.067507 0.067506 0.060006 0.060006 0.043205 0.043204 0.043204 0.043204 0.043204 0.043204 0.043204
0.083073 0.083072 0.083072 0.083071 0.073841 0.073841 0.053166 0.053166 0.053166 0.053166 0.053166 0.053166 0.053166 0.053166 0.053165 0.041536
0.119779 0.119779 0.119779 0.067375 0.067375 0.067375 0.059889 0.043120 0.043120 0.043120 0.043120 0.043120 0.043120 0.043120 0.043120 0.033688
0.127388 0.127388 0.071657 0.071656 0.071656 0.071655 0.045860 0.045860 0.045860 0.045860 0.045860 0.045860 0.045860 0.045860 0.045860 0.045860
0.132122 0.132122 0.074320 0.074319 0.074319 0.047565 0.047565 0.047564 0.047564 0.047564 0.047564 0.047564 0.047564 0.047564 0.047564 0.037160
0.119778 0.119778 0.119778 0.067375 0.067375 0.067375 0.059889 0.043120 0.043120 0.043120 0.043120 0.043120 0.043120 0.043120 0.043120 0.033688
0.146137 0.146137 0.082204 0.082202 0.073069 0.052609 0.052609 0.052609 0.041102 0.041101 0.041101 0.038684 0.038683 0.038683 0.036534 0.036534
0.132406 0.074480 0.074479 0.074479 0.074479 0.074478 0.066203 0.047667 0.047667 0.047666 0.047666 0.047666 0.047666 0.047666 0.047666 0.047666
0.142146 0.079959 0.079957 0.079957 0.079957 0.071073 0.051173 0.051173 0.051173 0.051173 0.051172 0.051172 0.039979 0.039979 0.039979 0.039979
0.140253 0.140252 0.078892 0.078892 0.050491 0.050491 0.050491 0.050491 0.050491 0.050491 0.050491 0.050491 0.039446 0.039446 0.039446 0.039446
0.078371 0.078370 0.078370 0.078370 0.078370 0.078370 0.078369 0.050157 0.050157 0.050157 0.050157 0.050157 0.050157 0.050157 0.050157 0.050157
0.119118 0.119118 0.067005 0.067004 0.067004 0.067004 0.067004 0.067003 0.059559 0.042883 0.042883 0.042883 0.042883 0.042883 0.042883 0.042883
0.122063 0.122063 0.068662 0.068660 0.068660 0.068660 0.068660 0.061031 0.043943 0.043943 0.043943 0.043943 0.043943 0.043943 0.043943 0.043943
0.132406 0.074480 0.074478 0.074478 0.074478 0.074478 0.066203 0.047667 0.047667 0.047666 0.047666 0.047666 0.047666 0.047666 0.047666 0.047666
0.131319 0.073869 0.073867 0.073867 0.073867 0.073867 0.073866 0.047276 0.047276 0.047276 0.047275 0.047275 0.047275 0.047275 0.047275 0.047275
0.108992 0.108992 0.108992 0.061309 0.061308 0.061308 0.061308 0.061308 0.061307 0.054496 0.054496 0.039238 0.039238 0.039237 0.039237 0.039237
0.134907 0.075885 0.075885 0.075885 0.075885 0.075885 0.048567 0.048567 0.048567 0.048567 0.048567 0.048567 0.048567 0.048567 0.048567 0.048566
0.124688 0.070139 0.070137 0.070137 0.070137 0.070137 0.070137 0.070137 0.070136 0.044888 0.044888 0.044888 0.044888 0.044888 0.044888 0.044888
0.111452 0.111452 0.111452 0.062692 0.062692 0.062692 0.062692 0.062691 0.055726 0.055726 0.040123 0.040123 0.040123 0.040123 0.040123 0.040123
0.128411 0.128410 0.072232 0.072231 0.072231 0.064205 0.046228 0.046228 0.046228 0.046228 0.046228 0.046228 0.046228 0.046228 0.046228 0.046228
0.122063 0.122063 0.068660 0.068660 0.068660 0.068660 0.068660 0.061031 0.043943 0.043943 0.043943 0.043943 0.043943 0.043943 0.043943 0.043943
0.123001 0.123001 0.069188 0.069188 0.069188 0.069188 0.061501 0.061501 0.044281 0.044281 0.044280 0.044280 0.044280 0.044280 0.044280 0.044280
0.132406 0.074479 0.074479 0.074479 0.074479 0.074478 0.066203 0.047667 0.047667 0.047666 0.047666 0.047666 0.047666 0.047666 0.047666 0.047666
0.125156 0.125156 0.070400 0.070400 0.070400 0.070400 0.062578 0.045057 0.045057 0.045056 0.045056 0.045056 0.045056 0.045056 0.045056 0.045056
0.110681 0.110681 0.110681 0.062258 0.062258 0.062258 0.062258 0.062258 0.062257 0.055340 0.039845 0.039845 0.039845 0.039845 0.039845 0.039845
0.128949 0.072535 0.072534 0.072534 0.072534 0.072534 0.072534 0.064474 0.046422 0.046422 0.046422 0.046422 0.046422 0.046422 0.046422 0.046422
0.139033 0.078208 0.078206 0.078206 0.078206 0.069517 0.050053 0.050052 0.050052 0.050052 0.050052 0.050052 0.050052 0.050052 0.039104 0.039104
0.152642 0.085863 0.085861 0.076321 0.054951 0.054951 0.054951 0.054951 0.054951 0.054951 0.054951 0.042931 0.042931 0.042931 0.042931 0.042931
0.121139 0.121139 0.068141 0.068141 0.068141 0.068141 0.068141 0.068140 0.043610 0.043610 0.043610 0.043610 0.043610 0.043610 0.043610 0.043610
0.134635 0.134635 0.075732 0.075732 0.067317 0.048469 0.048469 0.048469 0.048469 0.048469 0.048469 0.048469 0.048469 0.048468 0.037866 0.037866
0.122063 0.122063 0.068660 0.068660 0.068660 0.068660 0.068660 0.061031 0.043943 0.043943 0.043943 0.043943 0.043943 0.043943 0.043943 0.043942
0.136379 0.136379 0.076713 0.076713 0.076713 0.049097 0.049097 0.049097 0.049097 0.049097 0.049096 0.049096 0.038357 0.038357 0.038357 0.038357
0.131319 0.073869 0.073867 0.073867 0.073867 0.073867 0.073867 0.047276 0.047275 0.047275 0.047275 0.047275 0.047275 0.047275 0.047275 0.047275
0.128411 0.128411 0.072231 0.072231 0.072231 0.064205 0.046229 0.046229 0.046228 0.046228 0.046228 0.046228 0.046228 0.046228 0.046228 0.046228
0.119118 0.119118 0.067004 0.067004 0.067004 0.067004 0.067004 0.067003 0.059559 0.042883 0.042883 0.042883 0.042883 0.042883 0.042883 0.042883
0.082508 0.082508 0.082508 0.082508 0.082508 0.082508 0.052805 0.052805 0.052805 0.052805 0.052805 0.052805 0.052805 0.052805 0.041254 0.041254
0.120012 0.120012 0.067507 0.067507 0.067507 0.067507 0.067506 0.060006 0.060006 0.043204 0.043204 0.043204 0.043204 0.043204 0.043204 0.043204
0.126143 0.126143 0.070957 0.070955 0.070955 0.063071 0.063071 0.045412 0.045411 0.045411 0.045411 0.045411 0.045411 0.045411 0.045411 0.045411
0.108992 0.108992 0.108992 0.061309 0.061308 0.061308 0.061308 0.061308 0.061308 0.054496 0.054496 0.039237 0.039237 0.039237 0.039237 0.039237
0.118659 0.118659 0.118659 0.066746 0.066746 0.066746 0.059330 0.042717 0.042717 0.042717 0.042717 0.042717 0.042717 0.042717 0.042717 0.042717
0.146951 0.082660 0.082660 0.052902 0.052902 0.052902 0.052902 0.052902 0.052902 0.052902 0.052902 0.052902 0.052902 0.052902 0.052902 0.052902
0.123001 0.123001 0.069188 0.069188 0.069188 0.069188 0.061501 0.061501 0.044280 0.044280 0.044280 0.044280 0.044280 0.044280 0.044280 0.044280
0.126143 0.126143 0.070956 0.070956 0.070955 0.063072 0.063072 0.045412 0.045412 0.045412 0.045412 0.045412 0.045412 0.045412 0.045412 0.045412
0.122063 0.122063 0.068660 0.068660 0.068660 0.068660 0.068660 0.061031 0.043943 0.043943 0.043943 0.043943 0.043943 0.043943 0.043943 0.043943
0.111451 0.111451 0.111451 0.062693 0.062691 0.062691 0.062691 0.062691 0.055726 0.055726 0.040123 0.040123 0.040123 0.040123 0.040123 0.040123
0.122063 0.122063 0.068662 0.068660 0.068660 0.068660 0.068660 0.061031 0.043943 0.043943 0.043943 0.043943 0.043943 0.043943 0.043943 0.043943
0.120012 0.120012 0.067507 0.067507 0.067507 0.067507 0.067506 0.060006 0.060006 0.043204 0.043204 0.043204 0.043204 0.043204 0.043204 0.043204
0.123001 0.123001 0.069188 0.069188 0.069188 0.069188 0.061501 0.061501 0.044280 0.044280 0.044280 0.044280 0.044280 0.044280 0.044280 0.044280
0.114025 0.114025 0.114025 0.064140 0.064139 0.064139 0.064139 0.057012 0.057012 0.041049 0.041049 0.041049 0.041049 0.041049 0.041049 0.041049
0.122063 0.122063 0.068662 0.068660 0.068660 0.068660 0.068660 0.061031 0.043943 0.043943 0.043943 0.043943 0.043943 0.043943 0.043943 0.043943
0.132406 0.074480 0.074478 0.074478 0.074478 0.074478 0.066203 0.047667 0.047667 0.047667 0.047666 0.047666 0.047666 0.047666 0.047666 0.047666
0.142146 0.079959 0.079957 0.079957 0.079957 0.071073 0.051173 0.051173 0.051173 0.051173 0.051173 0.051173 0.039979 0.039979 0.039979 0.039979
0.127918 0.071955 0.071954 0.071954 0.071954 0.071954 0.071954 0.071953 0.046051 0.046050 0.046050 0.046050 0.046050 0.046050 0.046050 0.046050
0.133824 0.133824 0.075276 0.075276 0.075275 0.066912 0.048177 0.048177 0.048177 0.048177 0.048176 0.048176 0.037638 0.037638 0.037638 0.037638
0.143087 0.143087 0.080487 0.071544 0.051511 0.051511 0.051511 0.051511 0.051511 0.051511 0.051511 0.040243 0.040243 0.040243 0.040243 0.040243
0.128949 0.072535 0.072534 0.072534 0.072534 0.072534 0.072533 0.064474 0.046422 0.046422 0.046422 0.046422 0.046422 0.046422 0.046422 0.046422
0.141793 0.079760 0.079759 0.079759 0.079759 0.051046 0.051046 0.051046 0.051046 0.051046 0.051046 0.051046 0.051045 0.051045 0.039880 0.039880
0.124708 0.124708 0.070148 0.070148 0.070148 0.070148 0.070148 0.070147 0.044895 0.044895 0.044895 0.044895 0.044895 0.035074 0.035074 0.035074
0.115875 0.115875 0.115875 0.065180 0.065180 0.065180 0.065179 0.057937 0.041715 0.041715 0.041715 0.041715 0.041715 0.041715 0.041715 0.041715
0.079760 0.079759 0.079759 0.079759 0.079758 0.070897 0.070897 0.051046 0.051046 0.051046 0.051046 0.051046 0.051046 0.051046 0.051046 0.051046
0.136054 0.076532 0.076530 0.076530 0.076530 0.068027 0.048980 0.048980 0.048980 0.048979 0.048979 0.048979 0.048979 0.048979 0.048979 0.048979
0.131839 0.131839 0.074160 0.074160 0.065920 0.047462 0.047462 0.047462 0.047462 0.047462 0.047462 0.047462 0.047462 0.047462 0.047462 0.047462
0.133512 0.075100 0.075100 0.075100 0.075099 0.066756 0.066756 0.048064 0.048064 0.048064 0.048064 0.048064 0.048064 0.048064 0.048064 0.048064
0.116720 0.116720 0.116720 0.065655 0.065655 0.065654 0.058360 0.058360 0.042019 0.042019 0.042019 0.042019 0.042019 0.042019 0.042019 0.042019
0.132406 0.074480 0.074479 0.074478 0.074478 0.074478 0.066203 0.047667 0.047667 0.047666 0.047666 0.047666 0.047666 0.047666 0.047666 0.047666
0.139909 0.078699 0.078699 0.078698 0.069955 0.050368 0.050368 0.050367 0.050367 0.050367 0.050367 0.050367 0.050367 0.050367 0.050367 0.050367
0.127388 0.127388 0.071657 0.071656 0.071656 0.071655 0.045860 0.045860 0.045860 0.045860 0.045860 0.045860 0.045860 0.045860 0.045860 0.045860
0.126143 0.126143 0.070956 0.070956 0.070955 0.063072 0.063072 0.045412 0.045412 0.045412 0.045412 0.045412 0.045412 0.045412 0.045412 0.045412
0.125157 0.125157 0.070401 0.070401 0.070401 0.070400 0.062578 0.045056 0.045056 0.045056 0.045056 0.045056 0.045056 0.045056 0.045056 0.045056
0.125156 0.125156 0.070402 0.070400 0.070400 0.070400 0.062578 0.045057 0.045057 0.045057 0.045056 0.045056 0.045056 0.045056 0.045056 0.045056
0.133511 0.075101 0.075100 0.075100 0.075100 0.066755 0.066755 0.048065 0.048065 0.048064 0.048064 0.048064 0.048064 0.048064 0.048064 0.048064
0.110681 0.110680 0.110680 0.062259 0.062258 0.062258 0.062258 0.062258 0.062257 0.055340 0.039846 0.039846 0.039845 0.039845 0.039845 0.039845
0.149059 0.083846 0.083845 0.074529 0.053662 0.053662 0.053661 0.053661 0.053661 0.053661 0.053661 0.053661 0.053661 0.041923 0.041923 0.041923
0.122063 0.122063 0.068662 0.068660 0.068660 0.068660 0.068660 0.061031 0.043943 0.043943 0.043943 0.043943 0.043943 0.043943 0.043943 0.043943
0.140572 0.079074 0.079072 0.079072 0.079072 0.070286 0.050607 0.050607 0.050606 0.050606 0.050606 0.050606 0.050606 0.039536 0.039536 0.039536
0.137860 0.137860 0.077546 0.077546 0.077546 0.049630 0.049629 0.049629 0.049629 0.049629 0.049629 0.038773 0.038773 0.038773 0.038773 0.038773
0.143062 0.080472 0.080472 0.080472 0.071531 0.051502 0.051502 0.051502 0.051502 0.051502 0.051502 0.051502 0.051502 0.051502 0.040236 0.040236
0.123248 0.123248 0.069327 0.069327 0.069327 0.069327 0.069326 0.061624 0.044369 0.044369 0.044369 0.044369 0.044369 0.044369 0.044369 0.034663
0.132692 0.074641 0.074639 0.074639 0.074639 0.074639 0.074638 0.047770 0.047769 0.047769 0.047769 0.047769 0.047769 0.047769 0.047769 0.037320
0.120012 0.120012 0.067508 0.067507 0.067507 0.067507 0.067507 0.060006 0.060006 0.043205 0.043205 0.043204 0.043204 0.043204 0.043204 0.043204
0.114025 0.114025 0.114025 0.064139 0.064139 0.064139 0.064138 0.057013 0.057013 0.041049 0.041049 0.041049 0.041049 0.041049 0.041049 0.041049
0.131839 0.131839 0.074160 0.074160 0.065920 0.047462 0.047462 0.047462 0.047462 0.047462 0.047462 0.047462 0.047462 0.047462 0.047462 0.047462
0.116720 0.116720 0.116720 0.065655 0.065655 0.065654 0.058360 0.058360 0.042019 0.042019 0.042019 0.042019 0.042019 0.042019 0.042019 0.042019
0.128411 0.128411 0.072231 0.072231 0.072231 0.064205 0.046229 0.046228 0.046228 0.046228 0.046228 0.046228 0.046228 0.046228 0.046228 0.046228
0.116720 0.116720 0.116720 0.065656 0.065655 0.065655 0.058360 0.058360 0.042020 0.042020 0.042019 0.042019 0.042019 0.042019 0.042019 0.042019
0.132406 0.074479 0.074479 0.074479 0.074479 0.074478 0.066203 0.047667 0.047667 0.047666 0.047666 0.047666 0.047666 0.047666 0.047666 0.047666
0.123001 0.123001 0.069188 0.069188 0.069188 0.069188 0.061501 0.061501 0.044280 0.044280 0.044280 0.044280 0.044280 0.044280 0.044280 0.044280
0.126143 0.126143 0.070957 0.070955 0.070955 0.063071 0.063071 0.045412 0.045412 0.045412 0.045411 0.045411 0.045411 0.045411 0.045411 0.045411
0.125156 0.125156 0.070402 0.070400 0.070400 0.070400 0.062578 0.045057 0.045056 0.045056 0.045056 0.045056 0.045056 0.045056 0.045056 0.045056
0.114025 0.114025 0.114025 0.064139 0.064139 0.064139 0.064139 0.057013 0.057013 0.041049 0.041049 0.041049 0.041049 0.041049 0.041049 0.041049
0.127673 0.127673 0.071817 0.071816 0.071816 0.071816 0.063836 0.045963 0.045962 0.045962 0.045962 0.045962 0.045962 0.045962 0.035908 0.035908
0.116313 0.116313 0.065427 0.065426 0.065426 0.065426 0.065426 0.065426 0.065426 0.058156 0.041873 0.041873 0.041873 0.041873 0.041873 0.041873
0.113636 0.113636 0.063922 0.063920 0.063920 0.063920 0.063920 0.063920 0.063920 0.063920 0.056818 0.040910 0.040909 0.040909 0.040909 0.040909
0.122063 0.122063 0.068660 0.068660 0.068660 0.068660 0.068660 0.061032 0.043943 0.043943 0.043943 0.043943 0.043943 0.043943 0.043942 0.043942
0.117164 0.117164 0.065906 0.065905 0.065905 0.065905 0.065905 0.065905 0.058582 0.058582 0.042180 0.042180 0.042179 0.042179 0.042179 0.042179
0.123001 0.123001 0.069188 0.069188 0.069188 0.069188 0.061501 0.061501 0.044281 0.044281 0.044281 0.044280 0.044280 0.044280 0.044280 0.044280
0.108992 0.108992 0.108992 0.061308 0.061308 0.061308 0.061308 0.061308 0.061307 0.054496 0.054496 0.039238 0.039238 0.039237 0.039237 0.039237
0.117164 0.117164 0.065906 0.065905 0.065905 0.065905 0.065905 0.065905 0.058582 0.058582 0.042180 0.042179 0.042179 0.042179 0.042179 0.042179
0.114025 0.114025 0.114025 0.064139 0.064139 0.064139 0.064138 0.057013 0.057013 0.041049 0.041049 0.041049 0.041049 0.041049 0.041049 0.041049
0.125156 0.125156 0.070402 0.070400 0.070400 0.070400 0.062578 0.045057 0.045057 0.045057 0.045056 0.045056 0.045056 0.045056 0.045056 0.045056
0.114025 0.114025 0.114025 0.064140 0.064139 0.064139 0.064138 0.057012 0.057012 0.041050 0.041049 0.041049 0.041049 0.041049 0.041049 0.041049
0.115875 0.115875 0.115875 0.065181 0.065179 0.065179 0.065179 0.057937 0.041715 0.041715 0.041715 0.041715 0.041715 0.041715 0.041715 0.041715
0.119118 0.119118 0.067005 0.067004 0.067004 0.067004 0.067004 0.067003 0.059559 0.042883 0.042883 0.042883 0.042883 0.042883 0.042883 0.042883
0.111452 0.111452 0.111452 0.062692 0.062692 0.062692 0.062692 0.062692 0.055726 0.055726 0.040123 0.040123 0.040123 0.040123 0.040123 0.040123
0.121138 0.121138 0.068142 0.068140 0.068140 0.068140 0.068140 0.068140 0.043610 0.043610 0.043610 0.043610 0.043610 0.043610 0.043610 0.043610
0.079060 0.079058 0.079058 0.079058 0.079058 0.079058 0.070274 0.050598 0.050597 0.050597 0.050597 0.050597 0.050597 0.050597 0.050597 0.050597
0.125668 0.070688 0.070688 0.070688 0.070688 0.070688 0.070688 0.070687 0.062834 0.045240 0.045240 0.045240 0.045240 0.045240 0.045240 0.045240
0.127389 0.127389 0.071656 0.071656 0.071656 0.071656 0.045860 0.045860 0.045860 0.045860 0.045860 0.045860 0.045860 0.045860 0.045860 0.045860
0.121139 0.121139 0.068142 0.068140 0.068140 0.068140 0.068140 0.068140 0.043610 0.043610 0.043610 0.043610 0.043610 0.043610 0.043610 0.043610
0.121139 0.121139 0.068141 0.068141 0.068141 0.068141 0.068141 0.068140 0.043610 0.043610 0.043610 0.043610 0.043610 0.043610 0.043610 0.043610
0.122063 0.122063 0.068660 0.068660 0.068660 0.068660 0.068660 0.061031 0.043943 0.043943 0.043943 0.043943 0.043943 0.043943 0.043943 0.043943
0.123001 0.123001 0.069189 0.069188 0.069188 0.069187 0.061501 0.061501 0.044281 0.044281 0.044280 0.044280 0.044280 0.044280 0.044280 0.044280
0.124185 0.124185 0.069854 0.069854 0.069854 0.069854 0.069853 0.044707 0.044707 0.044707 0.044707 0.044707 0.044707 0.044707 0.044707 0.044707
0.124185 0.124185 0.069855 0.069854 0.069854 0.069854 0.069853 0.044707 0.044707 0.044707 0.044707 0.044707 0.044707 0.044707 0.044707 0.044707
0.132407 0.074479 0.074479 0.074479 0.074479 0.074478 0.066203 0.047666 0.047666 0.047666 0.047666 0.047666 0.047666 0.047666 0.047666 0.047666
0.115875 0.115875 0.115875 0.065180 0.065180 0.065180 0.065179 0.057937 0.041715 0.041715 0.041715 0.041715 0.041715 0.041715 0.041715 0.041715
0.137551 0.137551 0.077373 0.077373 0.068776 0.049519 0.049519 0.049519 0.049519 0.049519 0.049519 0.049519 0.038687 0.038687 0.038687 0.038686
0.128949 0.072535 0.072534 0.072534 0.072534 0.072534 0.072534 0.064474 0.046422 0.046422 0.046422 0.046422 0.046422 0.046422 0.046422 0.046422
0.083830 0.083830 0.083830 0.083829 0.074516 0.053652 0.053652 0.053651 0.053651 0.053651 0.053651 0.053651 0.053651 0.053651 0.053651 0.053651
0.128970 0.128970 0.072546 0.072546 0.072546 0.072545 0.064485 0.046429 0.046429 0.046429 0.046429 0.046429 0.046429 0.036273 0.036273 0.036273
0.134414 0.134414 0.075609 0.075608 0.075608 0.075608 0.048389 0.048389 0.048389 0.048389 0.048389 0.037804 0.037804 0.037804 0.037804 0.035580
0.136705 0.136705 0.076898 0.076897 0.076897 0.068352 0.049214 0.049214 0.049214 0.049214 0.038449 0.038449 0.038449 0.038448 0.038448 0.038448
0.122063 0.122063 0.068662 0.068660 0.068660 0.068660 0.068660 0.061031 0.043943 0.043943 0.043943 0.043943 0.043943 0.043943 0.043943 0.043942
0.098044 0.098043 0.087151 0.062748 0.062748 0.062748 0.062748 0.062748 0.062748 0.049022 0.049022 0.049022 0.049022 0.049022 0.049022 0.046139
0.136379 0.136379 0.076713 0.076713 0.076713 0.049097 0.049097 0.049097 0.049097 0.049097 0.049096 0.049096 0.038357 0.038357 0.038357 0.038357
0.128970 0.128970 0.072546 0.072546 0.072546 0.072545 0.064485 0.046429 0.046429 0.046429 0.046429 0.046429 0.046429 0.036273 0.036273 0.036273
0.115875 0.115875 0.115875 0.065181 0.065180 0.065180 0.065179 0.057937 0.041715 0.041715 0.041715 0.041715 0.041715 0.041715 0.041715 0.041715
0.131062 0.131062 0.073722 0.073722 0.073722 0.065531 0.047182 0.047182 0.047182 0.047182 0.047182 0.047182 0.047182 0.047182 0.036861 0.036861
0.123001 0.123001 0.069188 0.069188 0.069188 0.069188 0.061501 0.061501 0.044281 0.044281 0.044281 0.044280 0.044280 0.044280 0.044280 0.044280
0.116720 0.116720 0.116720 0.065655 0.065655 0.065655 0.058360 0.058360 0.042020 0.042020 0.042020 0.042019 0.042019 0.042019 0.042019 0.042019
0.116720 0.116720 0.116720 0.065655 0.065655 0.065655 0.058360 0.058360 0.042020 0.042020 0.042019 0.042019 0.042019 0.042019 0.042019 0.042019
0.118659 0.118659 0.118659 0.066746 0.066746 0.066745 0.059330 0.042718 0.042718 0.042718 0.042717 0.042717 0.042717 0.042717 0.042717 0.042717
0.118659 0.118659 0.118659 0.066746 0.066746 0.066746 0.059330 0.042717 0.042717 0.042717 0.042717 0.042717 0.042717 0.042717 0.042717 0.042717
0.116720 0.116720 0.116720 0.065655 0.065655 0.065654 0.058360 0.058360 0.042019 0.042019 0.042019 0.042019 0.042019 0.042019 0.042019 0.042019
0.114025 0.114025 0.114025 0.064139 0.064139 0.064139 0.064139 0.057012 0.057012 0.041050 0.041050 0.041049 0.041049 0.041049 0.041049 0.041049
0.125156 0.125156 0.070400 0.070400 0.070400 0.070400 0.062578 0.045057 0.045057 0.045057 0.045056 0.045056 0.045056 0.045056 0.045056 0.045056
0.144691 0.081389 0.081389 0.081389 0.072346 0.052090 0.052090 0.052089 0.052089 0.052089 0.052089 0.052089 0.052089 0.040695 0.040695 0.040694
0.135552 0.135552 0.076250 0.076248 0.076248 0.067776 0.048799 0.048799 0.048799 0.048799 0.048799 0.038124 0.038124 0.038124 0.038124 0.035881
0.132428 0.132428 0.074491 0.074491 0.074490 0.066214 0.047675 0.047674 0.047674 0.047674 0.047674 0.047674 0.047674 0.037246 0.037246 0.037246
0.082314 0.082312 0.082312 0.082312 0.082311 0.073166 0.052680 0.052680 0.052680 0.052680 0.052680 0.052680 0.052680 0.052679 0.052679 0.041156
0.128970 0.128970 0.072546 0.072546 0.072546 0.072545 0.064485 0.046429 0.046429 0.046429 0.046429 0.046429 0.046429 0.036273 0.036273 0.036273
0.082313 0.082312 0.082312 0.082312 0.082312 0.073166 0.052680 0.052680 0.052680 0.052680 0.052680 0.052680 0.052680 0.052680 0.052680 0.041156
0.151199 0.085051 0.085050 0.085050 0.054433 0.054433 0.054432 0.054432 0.054432 0.054432 0.054432 0.042525 0.042525 0.042525 0.042525 0.042525
0.122063 0.122063 0.068662 0.068660 0.068660 0.068660 0.068660 0.061031 0.043943 0.043943 0.043943 0.043943 0.043943 0.043943 0.043943 0.043943
0.134930 0.075899 0.075898 0.075898 0.075898 0.067465 0.067465 0.048575 0.048575 0.048575 0.048575 0.048575 0.048575 0.048575 0.048575 0.037949
0.118659 0.118659 0.118659 0.066746 0.066746 0.066745 0.059330 0.042717 0.042717 0.042717 0.042717 0.042717 0.042717 0.042717 0.042717 0.042717
0.116720 0.116720 0.116720 0.065655 0.065655 0.065654 0.058360 0.058360 0.042019 0.042019 0.042019 0.042019 0.042019 0.042019 0.042019 0.042019
0.118659 0.118659 0.118659 0.066746 0.066746 0.066746 0.059329 0.042718 0.042718 0.042718 0.042717 0.042717 0.042717 0.042717 0.042717 0.042717
0.111451 0.111451 0.111451 0.062693 0.062691 0.062691 0.062691 0.062691 0.055726 0.055726 0.040123 0.040123 0.040123 0.040123 0.040123 0.040123
0.116720 0.116720 0.116720 0.065655 0.065655 0.065654 0.058360 0.058360 0.042020 0.042020 0.042020 0.042019 0.042019 0.042019 0.042019 0.042019
0.123001 0.123001 0.069189 0.069188 0.069188 0.069187 0.061501 0.061501 0.044281 0.044281 0.044280 0.044280 0.044280 0.044280 0.044280 0.044280
0.126143 0.126143 0.070957 0.070955 0.070955 0.063071 0.063071 0.045412 0.045412 0.045411 0.045411 0.045411 0.045411 0.045411 0.045411 0.045411
0.126662 0.071249 0.071247 0.071247 0.071247 0.071247 0.071247 0.063331 0.063331 0.045599 0.045599 0.045599 0.045598 0.045598 0.045598 0.045598
0.129996 0.073125 0.073123 0.073123 0.073123 0.073122 0.064998 0.064998 0.046799 0.046799 0.046799 0.046799 0.046799 0.046799 0.046799 0.046799
0.125157 0.125157 0.070401 0.070401 0.070401 0.070400 0.062578 0.045056 0.045056 0.045056 0.045056 0.045056 0.045056 0.045056 0.045056 0.045056
0.132428 0.132428 0.074492 0.074491 0.074491 0.066214 0.047675 0.047675 0.047674 0.047674 0.047674 0.047674 0.047674 0.037246 0.037245 0.037245
0.154895 0.087129 0.087129 0.077448 0.055763 0.055762 0.055762 0.055762 0.055762 0.055762 0.043565 0.043565 0.043565 0.043564 0.043564 0.041002
0.132406 0.074480 0.074479 0.074479 0.074479 0.074478 0.066203 0.047667 0.047666 0.047666 0.047666 0.047666 0.047666 0.047666 0.047666 0.047666
0.142146 0.079957 0.079957 0.079957 0.079957 0.071073 0.051173 0.051173 0.051173 0.051173 0.051173 0.051172 0.039979 0.039979 0.039979 0.039978
0.136682 0.076884 0.076884 0.076884 0.076884 0.076883 0.068341 0.049206 0.049206 0.049206 0.049206 0.049206 0.049205 0.038442 0.038442 0.038442
0.128970 0.128970 0.072546 0.072546 0.072546 0.072545 0.064485 0.046429 0.046429 0.046429 0.046429 0.046429 0.046429 0.036273 0.036273 0.036273
0.128949 0.072535 0.072534 0.072534 0.072534 0.072534 0.072533 0.064474 0.046422 0.046422 0.046422 0.046422 0.046422 0.046422 0.046422 0.046422
0.120012 0.120012 0.067508 0.067507 0.067507 0.067507 0.067506 0.060006 0.060006 0.043205 0.043205 0.043205 0.043204 0.043204 0.043204 0.043204
0.111451 0.111451 0.111451 0.062693 0.062691 0.062691 0.062691 0.062691 0.055726 0.055726 0.040123 0.040123 0.040123 0.040123 0.040123 0.040123
0.115875 0.115875 0.115875 0.065181 0.065179 0.065179 0.065179 0.057937 0.041715 0.041715 0.041715 0.041715 0.041715 0.041715 0.041715 0.041715
0.122512 0.122512 0.122512 0.068913 0.061256 0.061256 0.044104 0.044104 0.044104 0.044104 0.044104 0.044104 0.044104 0.044104 0.044104 0.044104
0.125157 0.125157 0.070401 0.070401 0.070401 0.070400 0.062578 0.045056 0.045056 0.045056 0.045056 0.045056 0.045056 0.045056 0.045056 0.045056
0.114025 0.114025 0.114025 0.064140 0.064139 0.064139 0.064138 0.057012 0.057012 0.041050 0.041049 0.041049 0.041049 0.041049 0.041049 0.041049
0.119546 0.119546 0.119546 0.067244 0.067244 0.059773 0.059773 0.043037 0.043037 0.043036 0.043036 0.043036 0.043036 0.043036 0.043036 0.043036
0.128410 0.128410 0.072232 0.072231 0.072231 0.064205 0.046228 0.046228 0.046228 0.046228 0.046228 0.046228 0.046228 0.046228 0.046228 0.046228
0.114025 0.114025 0.114025 0.064140 0.064139 0.064139 0.064138 0.057012 0.057012 0.041049 0.041049 0.041049 0.041049 0.041049 0.041049 0.041049
0.123001 0.123001 0.069188 0.069188 0.069188 0.069187 0.061501 0.061501 0.044281 0.044281 0.044281 0.044280 0.044280 0.044280 0.044280 0.044280
0.125157 0.125157 0.070401 0.070401 0.070401 0.070400 0.062578 0.045056 0.045056 0.045056 0.045056 0.045056 0.045056 0.045056 0.045056 0.045056
0.133801 0.075265 0.075263 0.075263 0.075263 0.075263 0.066901 0.048169 0.048169 0.048169 0.048169 0.048169 0.048169 0.048169 0.048168 0.037632
0.125687 0.125687 0.070699 0.070699 0.070699 0.070699 0.070698 0.062844 0.045247 0.045247 0.045247 0.045247 0.045247 0.035350 0.035350 0.035350
0.079058 0.079058 0.079058 0.079058 0.079058 0.079058 0.070274 0.050597 0.050597 0.050597 0.050597 0.050597 0.050597 0.050597 0.050597 0.050597
0.119118 0.119118 0.067005 0.067004 0.067004 0.067004 0.067004 0.067003 0.059559 0.042883 0.042883 0.042883 0.042883 0.042883 0.042883 0.042883
0.116313 0.116313 0.065427 0.065426 0.065426 0.065426 0.065426 0.065426 0.065425 0.058156 0.041873 0.041873 0.041873 0.041873 0.041873 0.041873
0.128411 0.128411 0.072231 0.072231 0.072230 0.064206 0.046228 0.046228 0.046228 0.046228 0.046228 0.046228 0.046228 0.046228 0.046228 0.046228
