0.136164 0.136164 0.076592 0.076592 0.076591 0.068082 0.049019 0.049019 0.049019 0.049019 0.049019 0.038296 0.038296 0.036043 0.036043 0.036043
0.083273 0.083271 0.083271 0.083271 0.083271 0.074019 0.053294 0.053294 0.053294 0.053294 0.053294 0.053294 0.053294 0.053293 0.041636 0.041636
0.144448 0.144448 0.081254 0.081252 0.052002 0.052001 0.052001 0.052001 0.052001 0.052001 0.040627 0.040627 0.040626 0.038237 0.038236 0.038236
0.186375 0.093188 0.067095 0.067095 0.067095 0.067095 0.052418 0.052418 0.052418 0.049335 0.040912 0.040912 0.040912 0.040912 0.040911 0.040911
0.101717 0.101716 0.090415 0.065099 0.065099 0.065099 0.065098 0.050858 0.050858 0.050858 0.050858 0.050858 0.047867 0.047867 0.047867 0.047866
0.101664 0.101664 0.101664 0.101663 0.065065 0.065064 0.050832 0.050832 0.050832 0.050832 0.047842 0.047842 0.045184 0.039674 0.039674 0.039674
0.115875 0.115875 0.115875 0.065180 0.065180 0.065180 0.065179 0.057937 0.041715 0.041715 0.041715 0.041715 0.041715 0.041715 0.041715 0.041715
0.116942 0.116942 0.116942 0.065781 0.065780 0.065780 0.065779 0.058471 0.042100 0.042099 0.042099 0.042099 0.042099 0.042099 0.042099 0.032890
0.125156 0.125156 0.070402 0.070400 0.070400 0.070400 0.062578 0.045057 0.045056 0.045056 0.045056 0.045056 0.045056 0.045056 0.045056 0.045056
0.114025 0.114025 0.114025 0.064140 0.064139 0.064139 0.064139 0.057012 0.057012 0.041049 0.041049 0.041049 0.041049 0.041049 0.041049 0.041049
0.141468 0.079576 0.079576 0.079576 0.070734 0.050928 0.050928 0.050928 0.050928 0.050928 0.050928 0.050928 0.050928 0.050928 0.050928 0.039788
0.149059 0.083846 0.083845 0.074530 0.053661 0.053661 0.053661 0.053661 0.053661 0.053661 0.053661 0.053661 0.053661 0.041923 0.041923 0.041923
0.158032 0.088893 0.088893 0.088892 0.079016 0.056891 0.056891 0.056891 0.044446 0.044446 0.041832 0.041832 0.041832 0.041832 0.034690 0.034690
0.124204 0.124204 0.124204 0.069866 0.069865 0.069864 0.044714 0.044713 0.044713 0.044713 0.044713 0.044713 0.044713 0.034933 0.034933 0.034932
0.144469 0.144469 0.081264 0.081263 0.072235 0.052009 0.052009 0.052009 0.040632 0.040632 0.040632 0.040632 0.040632 0.040632 0.038242 0.038242
0.133511 0.075100 0.075100 0.075100 0.075099 0.066756 0.066756 0.048064 0.048064 0.048064 0.048064 0.048064 0.048064 0.048064 0.048064 0.048064
0.125885 0.125885 0.125885 0.070810 0.062942 0.045319 0.045319 0.045319 0.045319 0.045319 0.045319 0.045319 0.045319 0.045319 0.045319 0.035405
0.118659 0.118659 0.118659 0.066747 0.066746 0.066746 0.059329 0.042718 0.042717 0.042717 0.042717 0.042717 0.042717 0.042717 0.042717 0.042717
0.145408 0.081793 0.081792 0.081792 0.072704 0.072704 0.052347 0.052347 0.052347 0.052347 0.052346 0.040896 0.040896 0.040896 0.040896 0.038491
0.130783 0.130783 0.130783 0.073565 0.047082 0.047082 0.047082 0.047082 0.047082 0.047082 0.047082 0.047082 0.047082 0.036783 0.036783 0.036783
0.168846 0.084423 0.060784 0.060784 0.060784 0.060784 0.060784 0.060784 0.060784 0.047488 0.047488 0.047488 0.044694 0.044694 0.044694 0.044694
0.140573 0.079072 0.079072 0.079072 0.079071 0.070287 0.050606 0.050606 0.050606 0.050606 0.050606 0.050606 0.050606 0.039536 0.039536 0.039536
0.131062 0.131062 0.073722 0.073722 0.073721 0.065531 0.047182 0.047182 0.047182 0.047182 0.047182 0.047182 0.047182 0.047182 0.036861 0.036861
0.176125 0.099071 0.063406 0.063406 0.063405 0.063405 0.063405 0.063405 0.049536 0.049536 0.046621 0.044031 0.038662 0.038662 0.038662 0.038662
0.150178 0.084477 0.084475 0.084475 0.084475 0.054064 0.054064 0.054064 0.054064 0.042238 0.042238 0.042238 0.042238 0.042238 0.042238 0.042238
0.146111 0.146111 0.082187 0.082187 0.052601 0.052600 0.052600 0.052600 0.052600 0.041094 0.041094 0.041093 0.041093 0.038676 0.038676 0.038676
0.099111 0.099111 0.088099 0.063431 0.063431 0.063431 0.063431 0.063431 0.063431 0.049555 0.049555 0.049555 0.049555 0.049555 0.046640 0.038677
0.149889 0.149889 0.084312 0.074944 0.053960 0.053960 0.053960 0.053960 0.042156 0.042156 0.042156 0.042156 0.039676 0.039676 0.039676 0.037472
0.155694 0.087578 0.087578 0.077847 0.056050 0.056050 0.056050 0.056050 0.056049 0.056049 0.043789 0.043789 0.043789 0.041213 0.041213 0.041213
0.137836 0.077533 0.077533 0.077533 0.077533 0.077532 0.049621 0.049621 0.049621 0.049621 0.049621 0.049621 0.049621 0.049621 0.038766 0.038766
0.133802 0.075263 0.075263 0.075263 0.075263 0.075263 0.066901 0.048169 0.048169 0.048169 0.048169 0.048169 0.048169 0.048169 0.048168 0.037632
0.121139 0.121139 0.068142 0.068140 0.068140 0.068140 0.068140 0.068140 0.043610 0.043610 0.043610 0.043610 0.043610 0.043610 0.043610 0.043610
0.157511 0.088600 0.078755 0.056705 0.056704 0.056704 0.056704 0.056704 0.056704 0.056704 0.056704 0.044300 0.044300 0.044300 0.044300 0.044300
0.132406 0.074480 0.074478 0.074478 0.074478 0.074478 0.066203 0.047667 0.047667 0.047666 0.047666 0.047666 0.047666 0.047666 0.047666 0.047666
0.173366 0.097518 0.062412 0.062412 0.062412 0.062412 0.062412 0.062411 0.048759 0.048759 0.045891 0.045891 0.045891 0.043342 0.038056 0.038056
0.149813 0.084270 0.084270 0.084269 0.074907 0.053933 0.053933 0.053933 0.053932 0.053932 0.042135 0.042135 0.042135 0.042135 0.042135 0.042135
0.135852 0.135852 0.076417 0.076417 0.076417 0.076417 0.048907 0.048907 0.048907 0.048906 0.038208 0.038208 0.038208 0.038208 0.038208 0.035961
0.134116 0.075440 0.075440 0.075440 0.075440 0.075439 0.067058 0.067058 0.048282 0.048282 0.048282 0.048282 0.048281 0.037720 0.037720 0.037720
0.126662 0.071249 0.071247 0.071247 0.071247 0.071247 0.071247 0.063331 0.063331 0.045599 0.045599 0.045598 0.045598 0.045598 0.045598 0.045598
0.125431 0.125431 0.070556 0.070555 0.070555 0.070555 0.062715 0.062715 0.045156 0.045155 0.045155 0.045155 0.045155 0.045155 0.035278 0.035278
0.129997 0.073125 0.073123 0.073123 0.073123 0.073122 0.064998 0.064998 0.046799 0.046799 0.046799 0.046799 0.046799 0.046799 0.046799 0.046799
0.136379 0.076713 0.076713 0.076713 0.076713 0.068190 0.068190 0.049097 0.049097 0.049097 0.049097 0.049097 0.049096 0.049096 0.038357 0.038356
0.137528 0.077360 0.077360 0.077360 0.077359 0.068764 0.049510 0.049510 0.049510 0.049510 0.049510 0.049510 0.049510 0.049510 0.049510 0.038680
0.154083 0.086672 0.086672 0.055470 0.055470 0.055470 0.055470 0.055470 0.055470 0.055470 0.055470 0.055470 0.043336 0.043336 0.043336 0.043336
0.141819 0.141819 0.079773 0.079773 0.051055 0.051055 0.051055 0.051055 0.051055 0.051055 0.051054 0.039887 0.039887 0.039887 0.039887 0.039886
0.126682 0.126682 0.071260 0.071259 0.071259 0.071259 0.063341 0.063341 0.045606 0.045606 0.045606 0.045606 0.045605 0.035630 0.035630 0.035630
0.132406 0.074480 0.074478 0.074478 0.074478 0.074478 0.066203 0.047667 0.047667 0.047667 0.047666 0.047666 0.047666 0.047666 0.047666 0.047666
0.125156 0.125156 0.070400 0.070400 0.070400 0.070400 0.062578 0.045057 0.045057 0.045056 0.045056 0.045056 0.045056 0.045056 0.045056 0.045056
0.123001 0.123001 0.069188 0.069188 0.069188 0.069187 0.061501 0.061501 0.044281 0.044281 0.044280 0.044280 0.044280 0.044280 0.044280 0.044280
0.122063 0.122063 0.068660 0.068660 0.068660 0.068660 0.068660 0.061031 0.043943 0.043943 0.043943 0.043943 0.043943 0.043943 0.043943 0.043943
0.138097 0.138097 0.069049 0.069049 0.049716 0.049716 0.049715 0.049715 0.049715 0.049715 0.049715 0.049715 0.049715 0.049715 0.049715 0.038840
0.126143 0.126143 0.070957 0.070955 0.070955 0.063071 0.063071 0.045412 0.045412 0.045411 0.045411 0.045411 0.045411 0.045411 0.045411 0.045411
0.099995 0.099993 0.088883 0.063996 0.063996 0.063996 0.063996 0.063995 0.049997 0.049997 0.049997 0.049997 0.049997 0.047056 0.047056 0.047056
0.129450 0.129450 0.072815 0.072815 0.064725 0.064725 0.046602 0.046602 0.046602 0.046602 0.046602 0.046602 0.046602 0.046602 0.046602 0.046602
0.132144 0.132144 0.074331 0.074331 0.066072 0.066072 0.047572 0.047572 0.047572 0.047572 0.047572 0.047572 0.047572 0.047572 0.037166 0.037166
0.147065 0.082726 0.082724 0.082724 0.082724 0.052944 0.052943 0.052943 0.052943 0.052943 0.052943 0.041362 0.041362 0.041362 0.041362 0.038929
0.080990 0.080990 0.080989 0.080989 0.080989 0.063273 0.063272 0.063272 0.059551 0.049384 0.049384 0.049384 0.049383 0.049383 0.049383 0.049383
0.140926 0.140926 0.079271 0.079270 0.070463 0.050733 0.050733 0.050733 0.050733 0.050733 0.039635 0.039635 0.039635 0.039635 0.039635 0.037304
0.157916 0.088828 0.088827 0.056850 0.056850 0.056850 0.056850 0.056850 0.056849 0.056849 0.044414 0.044414 0.044414 0.044414 0.044414 0.044414
0.143062 0.080472 0.080472 0.080471 0.071531 0.051502 0.051502 0.051502 0.051502 0.051502 0.051502 0.051502 0.051502 0.051502 0.040236 0.040236
0.128680 0.128680 0.072382 0.072382 0.072382 0.072382 0.046325 0.046325 0.046325 0.046325 0.046325 0.046325 0.046325 0.046324 0.046324 0.036191
0.131320 0.073869 0.073867 0.073867 0.073867 0.073867 0.073867 0.047276 0.047275 0.047275 0.047275 0.047275 0.047275 0.047275 0.047275 0.047275
0.135226 0.076066 0.076065 0.076065 0.076065 0.076064 0.067613 0.048682 0.048682 0.048681 0.048681 0.048681 0.048681 0.048681 0.038033 0.038032
0.153410 0.086295 0.086293 0.086293 0.055228 0.055228 0.055228 0.055228 0.055228 0.055227 0.043147 0.043147 0.043147 0.043147 0.043146 0.040609
0.174806 0.098328 0.062930 0.062930 0.062930 0.062930 0.062930 0.049164 0.049164 0.049164 0.049164 0.046272 0.046272 0.046272 0.038372 0.038372
0.106162 0.094367 0.067945 0.067944 0.067944 0.067944 0.053082 0.053082 0.053082 0.053082 0.053082 0.053081 0.053081 0.053081 0.053081 0.049959
0.098688 0.098688 0.098688 0.098687 0.063161 0.063160 0.049344 0.049344 0.049344 0.049344 0.049344 0.046442 0.046442 0.046442 0.046442 0.046441
0.126143 0.126143 0.070956 0.070956 0.070956 0.063072 0.063072 0.045412 0.045412 0.045412 0.045412 0.045412 0.045412 0.045412 0.045412 0.045412
0.129997 0.129997 0.073123 0.073123 0.073123 0.073122 0.046799 0.046799 0.046799 0.046799 0.046799 0.046799 0.046799 0.046799 0.036562 0.036562
0.115875 0.115875 0.115875 0.065180 0.065180 0.065180 0.065180 0.057937 0.041715 0.041715 0.041715 0.041715 0.041715 0.041715 0.041715 0.041715
0.086673 0.086671 0.086671 0.077041 0.077041 0.055470 0.055470 0.055470 0.055470 0.055470 0.055470 0.055470 0.055470 0.055470 0.043336 0.043336
0.114025 0.114025 0.114025 0.064139 0.064139 0.064139 0.064139 0.057012 0.057012 0.041050 0.041050 0.041050 0.041049 0.041049 0.041049 0.041049
0.127673 0.127673 0.071816 0.071816 0.071816 0.071816 0.063837 0.045962 0.045962 0.045962 0.045962 0.045962 0.045962 0.045962 0.035908 0.035908
0.154769 0.077384 0.055717 0.055717 0.055717 0.055717 0.055717 0.055717 0.055717 0.055717 0.055717 0.055717 0.055716 0.055716 0.055716 0.043529
0.123020 0.123020 0.123020 0.069199 0.069198 0.061510 0.061510 0.044287 0.044287 0.044287 0.044287 0.044287 0.044287 0.034599 0.034599 0.034599
0.145033 0.081581 0.081581 0.081581 0.081580 0.052212 0.052212 0.052212 0.052212 0.052212 0.052211 0.052211 0.040790 0.040790 0.040790 0.040790
0.142147 0.079957 0.079957 0.079957 0.079957 0.071073 0.051173 0.051173 0.051173 0.051173 0.051173 0.051173 0.039979 0.039979 0.039979 0.039979
0.096442 0.096442 0.085727 0.061723 0.061723 0.061723 0.061723 0.061723 0.061723 0.061723 0.048221 0.048221 0.048221 0.048221 0.048221 0.048221
0.131061 0.131061 0.073723 0.073722 0.073722 0.065531 0.047183 0.047183 0.047182 0.047182 0.047182 0.047182 0.047182 0.047182 0.036861 0.036861
0.147329 0.082874 0.082873 0.073665 0.053039 0.053039 0.053039 0.053039 0.053039 0.053039 0.053039 0.053039 0.053038 0.053038 0.041437 0.041437
0.122063 0.122063 0.068662 0.068660 0.068660 0.068660 0.068660 0.061031 0.043943 0.043943 0.043943 0.043943 0.043943 0.043943 0.043943 0.043943
0.127673 0.127673 0.071816 0.071816 0.071816 0.071816 0.063837 0.045962 0.045962 0.045962 0.045962 0.045962 0.045962 0.045962 0.035908 0.035908
0.137221 0.137221 0.077187 0.077187 0.049400 0.049400 0.049400 0.049400 0.049400 0.049400 0.049400 0.049400 0.049400 0.049399 0.038594 0.038594
0.123954 0.123954 0.123954 0.069724 0.069724 0.061977 0.044624 0.044624 0.044623 0.044623 0.044623 0.044623 0.044623 0.044623 0.034862 0.034862
0.098613 0.098613 0.087656 0.063113 0.063112 0.063112 0.063112 0.063112 0.063112 0.049307 0.049307 0.049307 0.049306 0.046406 0.046406 0.046406
0.137528 0.077359 0.077359 0.077359 0.077359 0.068764 0.049511 0.049511 0.049510 0.049510 0.049510 0.049510 0.049510 0.049510 0.049510 0.038680
0.126143 0.126143 0.070955 0.070955 0.070955 0.063072 0.063072 0.045412 0.045412 0.045412 0.045411 0.045411 0.045411 0.045411 0.045411 0.045411
0.143062 0.080472 0.080472 0.080472 0.071531 0.051502 0.051502 0.051502 0.051502 0.051502 0.051502 0.051502 0.051502 0.051502 0.040236 0.040236
0.126422 0.126422 0.126422 0.071113 0.071113 0.063211 0.045512 0.045512 0.045512 0.045512 0.045512 0.045512 0.035556 0.035556 0.035556 0.035556
0.119118 0.119118 0.067005 0.067004 0.067004 0.067004 0.067004 0.067004 0.059559 0.042883 0.042883 0.042883 0.042883 0.042883 0.042883 0.042883
0.123105 0.078787 0.078787 0.078787 0.078787 0.061553 0.057932 0.057932 0.048041 0.048041 0.048041 0.048041 0.048041 0.048041 0.048041 0.048041
0.084255 0.084254 0.084254 0.084254 0.084254 0.074892 0.053922 0.053922 0.053922 0.053922 0.053922 0.053922 0.053922 0.042127 0.042127 0.042127
0.140573 0.079074 0.079072 0.079072 0.079071 0.070286 0.050607 0.050606 0.050606 0.050606 0.050606 0.050606 0.050606 0.039536 0.039536 0.039536
0.104359 0.104358 0.066790 0.066790 0.066790 0.066790 0.066790 0.052180 0.052179 0.052179 0.052179 0.052179 0.049110 0.049110 0.049110 0.049110
0.156403 0.087977 0.087977 0.078201 0.056305 0.056305 0.056305 0.056305 0.056305 0.043988 0.043988 0.043988 0.043988 0.043988 0.043988 0.043988
0.144099 0.081055 0.081055 0.081055 0.081055 0.072049 0.051875 0.051875 0.051875 0.051875 0.051875 0.040528 0.040528 0.040528 0.040528 0.038144
0.164931 0.092773 0.092773 0.059375 0.059375 0.059375 0.059375 0.046387 0.046387 0.046387 0.046387 0.046386 0.046386 0.046386 0.043658 0.043658
0.150186 0.150186 0.084480 0.084479 0.075093 0.054067 0.054067 0.054067 0.042240 0.039755 0.039755 0.039755 0.032968 0.032968 0.032968 0.032968
0.150559 0.084691 0.084689 0.084689 0.075279 0.054201 0.054201 0.054201 0.054201 0.054201 0.042345 0.042345 0.042344 0.042344 0.039854 0.039854
0.103094 0.103091 0.065980 0.065980 0.065979 0.065979 0.065979 0.051547 0.051547 0.051547 0.051546 0.051546 0.051546 0.051546 0.051546 0.051546
0.105235 0.105235 0.105235 0.067351 0.067351 0.067350 0.052618 0.052618 0.052617 0.052617 0.049523 0.049522 0.049522 0.041068 0.041068 0.041068
0.156403 0.087976 0.087976 0.078201 0.056305 0.056305 0.056305 0.056305 0.056305 0.043989 0.043989 0.043989 0.043988 0.043988 0.043988 0.043988
0.149162 0.083905 0.083904 0.083904 0.074581 0.053698 0.053698 0.053698 0.053698 0.053698 0.053698 0.041952 0.041952 0.039484 0.039484 0.039484
0.150559 0.084690 0.084690 0.084689 0.075280 0.054201 0.054201 0.054201 0.054201 0.054201 0.042345 0.042345 0.042345 0.042345 0.039854 0.039854
0.101529 0.073101 0.073101 0.073101 0.073101 0.073101 0.057110 0.057110 0.057110 0.057110 0.057110 0.053751 0.053751 0.050765 0.044574 0.044574
0.184396 0.103723 0.066383 0.066383 0.066382 0.051861 0.051861 0.051861 0.048811 0.048811 0.048811 0.048810 0.040477 0.040477 0.040477 0.040477
0.121821 0.121821 0.121821 0.068524 0.068524 0.068524 0.043856 0.043856 0.043856 0.043856 0.043856 0.043856 0.043856 0.043856 0.043855 0.034262
0.139033 0.078208 0.078206 0.078206 0.078206 0.069517 0.050053 0.050052 0.050052 0.050052 0.050052 0.050052 0.050052 0.050052 0.039104 0.039104
0.091502 0.091499 0.081334 0.058561 0.058561 0.058560 0.058560 0.058560 0.058560 0.058560 0.058560 0.058560 0.058560 0.058560 0.045751 0.045751
0.125707 0.125707 0.125707 0.070712 0.070710 0.070709 0.062853 0.045255 0.045254 0.045254 0.035355 0.035355 0.035355 0.035355 0.035355 0.035355
0.148066 0.083289 0.083287 0.083286 0.074033 0.053304 0.053304 0.053304 0.053303 0.053303 0.053303 0.041644 0.041644 0.041643 0.041643 0.041643
0.136164 0.136164 0.076592 0.076592 0.076591 0.068082 0.049019 0.049019 0.049019 0.049019 0.049019 0.038296 0.038296 0.036043 0.036043 0.036043
0.096446 0.085731 0.085731 0.061726 0.061726 0.061726 0.061726 0.061726 0.061726 0.061726 0.061726 0.048224 0.048223 0.048223 0.048223 0.045387
0.149531 0.084111 0.084111 0.084111 0.074766 0.053831 0.053831 0.053831 0.053831 0.053831 0.053831 0.042056 0.039582 0.039582 0.039582 0.039582
0.124204 0.124204 0.069865 0.069865 0.069865 0.069864 0.062102 0.062102 0.044714 0.044714 0.044714 0.044714 0.044714 0.044714 0.044713 0.034932
0.135226 0.076066 0.076065 0.076065 0.076065 0.076064 0.067613 0.048682 0.048681 0.048681 0.048681 0.048681 0.048681 0.048681 0.038033 0.038033
0.141493 0.141493 0.079589 0.070746 0.050938 0.050938 0.050937 0.050937 0.050937 0.050937 0.050937 0.050937 0.039795 0.039795 0.039795 0.039795
0.143061 0.080473 0.080472 0.080472 0.071531 0.051503 0.051503 0.051502 0.051502 0.051502 0.051502 0.051502 0.051502 0.051502 0.040236 0.040236
0.127409 0.127409 0.071669 0.071667 0.071667 0.063704 0.063704 0.045868 0.045868 0.045867 0.045867 0.045867 0.045867 0.045867 0.045867 0.035834
0.131062 0.131062 0.073722 0.073722 0.073722 0.065531 0.047182 0.047182 0.047182 0.047182 0.047182 0.047182 0.047182 0.047182 0.036861 0.036861
0.151580 0.085263 0.085263 0.085263 0.054569 0.054569 0.054569 0.054569 0.054569 0.054568 0.054568 0.042632 0.042632 0.042632 0.042632 0.040124
0.141143 0.079393 0.079393 0.070572 0.070572 0.050812 0.050812 0.050812 0.050812 0.050812 0.050812 0.050812 0.050812 0.050812 0.050812 0.050812
0.144326 0.081185 0.081183 0.081183 0.051958 0.051958 0.051958 0.051957 0.051957 0.051957 0.051957 0.051957 0.051957 0.051957 0.051957 0.040592
0.143062 0.080472 0.080472 0.080471 0.071531 0.051503 0.051502 0.051502 0.051502 0.051502 0.051502 0.051502 0.051502 0.051502 0.040236 0.040236
0.120030 0.120030 0.120030 0.067517 0.067517 0.067516 0.060015 0.060015 0.043211 0.043211 0.043211 0.043211 0.043211 0.033758 0.033758 0.033758
0.149059 0.083846 0.083846 0.074530 0.053661 0.053661 0.053661 0.053661 0.053661 0.053661 0.053661 0.053661 0.053661 0.041923 0.041923 0.041923
0.087737 0.087737 0.087736 0.077988 0.077988 0.056151 0.056151 0.056151 0.056151 0.056151 0.056151 0.056151 0.056151 0.043868 0.043868 0.043868
0.140910 0.140910 0.079264 0.079262 0.079262 0.070455 0.050728 0.050728 0.050728 0.050728 0.039631 0.037300 0.037300 0.030932 0.030932 0.030931
0.149531 0.084111 0.084111 0.084111 0.074765 0.053832 0.053831 0.053831 0.053831 0.053831 0.053831 0.042056 0.039582 0.039582 0.039582 0.039582
0.167058 0.167058 0.083529 0.060142 0.060141 0.046986 0.046985 0.046985 0.044222 0.044221 0.044221 0.041765 0.036672 0.036672 0.036671 0.036671
0.083273 0.083271 0.083271 0.083271 0.083271 0.074019 0.053294 0.053294 0.053294 0.053294 0.053294 0.053294 0.053294 0.053294 0.041636 0.041636
0.167434 0.094182 0.060277 0.060276 0.060276 0.060276 0.060276 0.060276 0.047091 0.047091 0.047091 0.047091 0.047091 0.047091 0.047091 0.047091
0.169658 0.095433 0.084829 0.061078 0.061078 0.061077 0.061077 0.061077 0.047716 0.047716 0.047716 0.044910 0.044909 0.037242 0.037242 0.037242
0.136972 0.136972 0.077047 0.077047 0.077047 0.068486 0.049310 0.049310 0.049310 0.049310 0.049310 0.038523 0.038523 0.038523 0.034243 0.030067
0.175313 0.098613 0.063113 0.063113 0.063113 0.063113 0.063112 0.049307 0.049307 0.049306 0.046406 0.046406 0.046406 0.046406 0.038483 0.038483
0.162386 0.091341 0.081193 0.058459 0.058459 0.058459 0.058459 0.058459 0.058459 0.045671 0.045671 0.045671 0.045671 0.045671 0.042985 0.042985
0.140926 0.140926 0.079271 0.079270 0.070463 0.050733 0.050733 0.050733 0.050733 0.050733 0.039635 0.039635 0.039635 0.039635 0.039635 0.037304
0.144692 0.081389 0.081389 0.081388 0.072346 0.052089 0.052089 0.052089 0.052089 0.052089 0.052089 0.052089 0.052089 0.040695 0.040695 0.040695
0.153095 0.086116 0.086116 0.086115 0.076547 0.055114 0.055114 0.055114 0.055114 0.043058 0.043058 0.043058 0.043058 0.040525 0.040525 0.038274
0.151228 0.151228 0.085068 0.054443 0.054442 0.054442 0.054442 0.054442 0.042533 0.042533 0.042533 0.042533 0.042533 0.042533 0.042533 0.042533
0.091076 0.091074 0.091074 0.091074 0.058288 0.058288 0.058288 0.058288 0.058288 0.058288 0.058287 0.045538 0.045538 0.045538 0.045537 0.045537
0.093459 0.093458 0.093458 0.093457 0.059814 0.059814 0.059813 0.059813 0.059813 0.046729 0.046729 0.046729 0.046729 0.046729 0.046729 0.046729
0.149812 0.084271 0.084269 0.084269 0.074906 0.053933 0.053932 0.053932 0.053932 0.053932 0.042135 0.042135 0.042135 0.042135 0.042135 0.042135
0.165688 0.093199 0.093199 0.059648 0.059648 0.059648 0.059648 0.059647 0.059647 0.046600 0.046600 0.043859 0.043859 0.036371 0.036371 0.036371
0.163269 0.091839 0.091839 0.091839 0.058777 0.058777 0.058776 0.045919 0.045919 0.045919 0.043218 0.043218 0.043218 0.040817 0.040817 0.035839
0.134419 0.134419 0.075611 0.075611 0.075611 0.067210 0.048391 0.048391 0.048391 0.048391 0.048391 0.048391 0.037805 0.037805 0.035582 0.035582
0.137221 0.077187 0.077187 0.077186 0.068611 0.068611 0.049400 0.049400 0.049400 0.049400 0.049400 0.049400 0.049400 0.049400 0.049399 0.049399
0.132144 0.132144 0.074331 0.074331 0.066072 0.066072 0.047572 0.047572 0.047572 0.047572 0.047572 0.047572 0.047572 0.047572 0.037166 0.037166
0.133222 0.133222 0.074939 0.074937 0.066611 0.047961 0.047960 0.047960 0.047960 0.047960 0.047960 0.047960 0.047960 0.047960 0.047960 0.037469
0.138720 0.078030 0.078030 0.078029 0.069360 0.069360 0.049940 0.049939 0.049939 0.049939 0.049939 0.049939 0.049939 0.049939 0.049939 0.039015
0.135777 0.135777 0.076375 0.067889 0.067889 0.048880 0.048880 0.048880 0.048880 0.048880 0.048880 0.048880 0.048879 0.048879 0.038188 0.038187
0.139909 0.078699 0.078699 0.078698 0.069955 0.050368 0.050367 0.050367 0.050367 0.050367 0.050367 0.050367 0.050367 0.050367 0.050367 0.050367
0.152236 0.085634 0.085633 0.054806 0.054806 0.054805 0.054805 0.054805 0.054805 0.054805 0.054804 0.054804 0.054804 0.042817 0.042816 0.042816
0.150830 0.084842 0.084841 0.075415 0.054299 0.054299 0.054299 0.054299 0.054299 0.054299 0.054299 0.054298 0.042421 0.042421 0.042421 0.042421
0.088188 0.088188 0.088188 0.088187 0.078389 0.056440 0.056440 0.056440 0.056440 0.056440 0.056440 0.056440 0.044094 0.044094 0.044094 0.041500
0.124204 0.124204 0.124204 0.069865 0.069865 0.069865 0.044714 0.044714 0.044714 0.044714 0.044714 0.044714 0.044713 0.034932 0.034932 0.034932
0.140926 0.140926 0.079271 0.079271 0.070463 0.050733 0.050733 0.050733 0.050733 0.050733 0.039635 0.039635 0.039635 0.039635 0.039635 0.037304
0.146360 0.082327 0.082327 0.082326 0.073180 0.052689 0.052689 0.052689 0.052689 0.052689 0.052689 0.052689 0.041164 0.041164 0.041164 0.041164
0.140919 0.079269 0.079267 0.079267 0.079266 0.070460 0.070460 0.050732 0.050731 0.050731 0.050731 0.039634 0.039634 0.039634 0.039634 0.039634
0.127388 0.127388 0.071657 0.071656 0.071656 0.071656 0.045860 0.045860 0.045860 0.045860 0.045860 0.045860 0.045860 0.045860 0.045859 0.045859
0.085052 0.085050 0.085050 0.085049 0.075600 0.075600 0.054433 0.054433 0.054432 0.054432 0.054432 0.054432 0.054432 0.042525 0.042525 0.042525
0.094162 0.094162 0.094161 0.060264 0.060264 0.060264 0.060264 0.060264 0.060264 0.060264 0.060263 0.047081 0.047081 0.047081 0.047081 0.047081
0.132122 0.132122 0.074320 0.074319 0.074319 0.047564 0.047564 0.047564 0.047564 0.047564 0.047564 0.047564 0.047564 0.047564 0.047564 0.037160
0.128679 0.128679 0.072384 0.072382 0.072382 0.072381 0.046325 0.046325 0.046325 0.046325 0.046325 0.046324 0.046324 0.046324 0.046324 0.036191
0.140252 0.140252 0.078893 0.078892 0.050491 0.050491 0.050491 0.050491 0.050491 0.050490 0.050490 0.050490 0.039446 0.039446 0.039446 0.039446
0.158337 0.089064 0.079168 0.057001 0.057001 0.057001 0.057001 0.057001 0.057001 0.057001 0.057001 0.044532 0.044532 0.044532 0.041913 0.041913
0.128700 0.128700 0.128700 0.072394 0.072394 0.046332 0.046332 0.046332 0.046332 0.046332 0.046332 0.046332 0.036197 0.036197 0.036197 0.036197
0.157619 0.088661 0.088661 0.088661 0.056743 0.056743 0.056743 0.056743 0.044331 0.044331 0.044330 0.044330 0.044330 0.044330 0.041723 0.041723
0.162823 0.091588 0.081412 0.058616 0.058616 0.058616 0.058616 0.058616 0.058616 0.045795 0.045795 0.045794 0.045794 0.043101 0.043100 0.043100
0.156422 0.156422 0.087989 0.078211 0.056312 0.056312 0.056312 0.043994 0.043994 0.041406 0.041406 0.039105 0.039105 0.034337 0.034337 0.034337
0.148066 0.083287 0.083287 0.083286 0.074033 0.053304 0.053304 0.053304 0.053304 0.053303 0.053303 0.041644 0.041644 0.041644 0.041644 0.041644
0.099993 0.099993 0.088883 0.063997 0.063996 0.063996 0.063996 0.063995 0.049997 0.049997 0.049997 0.049996 0.049996 0.047056 0.047056 0.047056
0.161183 0.090666 0.090666 0.058026 0.058026 0.058026 0.058026 0.058026 0.058026 0.045333 0.045333 0.045333 0.045333 0.042666 0.042666 0.042666
0.156455 0.088006 0.088005 0.078228 0.056324 0.056324 0.056324 0.056324 0.056324 0.056324 0.044003 0.044003 0.041415 0.041415 0.041414 0.039114
0.105485 0.067511 0.067511 0.067511 0.067511 0.067511 0.067511 0.067511 0.052743 0.052743 0.052743 0.052743 0.052743 0.052742 0.052742 0.052742
0.081567 0.081566 0.081566 0.081566 0.081566 0.081566 0.052203 0.052203 0.052202 0.052202 0.052202 0.052202 0.052202 0.052202 0.052202 0.040783
0.084827 0.084826 0.084826 0.084825 0.075400 0.054289 0.054288 0.054288 0.054288 0.054288 0.054288 0.054288 0.054288 0.054288 0.054288 0.042413
0.135226 0.076066 0.076065 0.076065 0.076065 0.076064 0.067613 0.048682 0.048681 0.048681 0.048681 0.048681 0.048681 0.048681 0.038033 0.038032
0.138696 0.078018 0.078017 0.078017 0.078016 0.049931 0.049931 0.049931 0.049931 0.049931 0.049931 0.049931 0.049931 0.049931 0.049931 0.049930
0.118484 0.118484 0.066647 0.066647 0.066647 0.066647 0.066647 0.066647 0.066646 0.059242 0.042654 0.042654 0.042654 0.042654 0.033323 0.033323
0.089928 0.089928 0.089928 0.089928 0.057554 0.057554 0.057554 0.057554 0.057554 0.057554 0.057554 0.057554 0.044964 0.044964 0.044964 0.044964
0.138696 0.078018 0.078016 0.078016 0.078016 0.049931 0.049931 0.049931 0.049931 0.049931 0.049931 0.049931 0.049931 0.049931 0.049931 0.049931
0.127389 0.127389 0.071656 0.071656 0.071656 0.071655 0.045860 0.045860 0.045860 0.045860 0.045860 0.045860 0.045860 0.045860 0.045860 0.045860
0.126143 0.126143 0.070955 0.070955 0.070955 0.063072 0.063072 0.045412 0.045412 0.045412 0.045411 0.045411 0.045411 0.045411 0.045411 0.045411
0.139909 0.078699 0.078699 0.078698 0.069954 0.050368 0.050368 0.050367 0.050367 0.050367 0.050367 0.050367 0.050367 0.050367 0.050367 0.050367
0.116720 0.116720 0.116720 0.065655 0.065655 0.065654 0.058360 0.058360 0.042020 0.042020 0.042019 0.042019 0.042019 0.042019 0.042019 0.042019
0.095420 0.095420 0.095419 0.061069 0.061069 0.061069 0.061069 0.061069 0.061069 0.061069 0.047710 0.047710 0.047710 0.047710 0.047710 0.047710
0.143756 0.080863 0.080863 0.080863 0.080862 0.071878 0.051752 0.051752 0.051752 0.051752 0.051752 0.040431 0.040431 0.040431 0.040431 0.040431
0.078371 0.078370 0.078370 0.078370 0.078370 0.078370 0.078370 0.050157 0.050157 0.050157 0.050157 0.050157 0.050157 0.050156 0.050156 0.050156
0.121581 0.121581 0.121581 0.068389 0.068389 0.060790 0.043769 0.043769 0.043769 0.043769 0.043769 0.043769 0.043769 0.043769 0.043769 0.043769
0.116720 0.116720 0.116720 0.065655 0.065655 0.065654 0.058360 0.058360 0.042019 0.042019 0.042019 0.042019 0.042019 0.042019 0.042019 0.042019
0.131839 0.131839 0.074161 0.074159 0.065919 0.047463 0.047463 0.047462 0.047462 0.047462 0.047462 0.047462 0.047462 0.047462 0.047462 0.047462
0.130761 0.130761 0.073555 0.073553 0.073553 0.047075 0.047075 0.047075 0.047074 0.047074 0.047074 0.047074 0.047074 0.047074 0.047074 0.047074
0.131062 0.131061 0.073722 0.073722 0.073722 0.065531 0.047182 0.047182 0.047182 0.047182 0.047182 0.047182 0.047182 0.047182 0.036861 0.036861
0.138720 0.078030 0.078030 0.078030 0.069360 0.069360 0.049940 0.049939 0.049939 0.049939 0.049939 0.049939 0.049939 0.049939 0.049939 0.039015
0.086439 0.086439 0.086438 0.076834 0.055321 0.055321 0.055321 0.055321 0.055321 0.055321 0.055321 0.055321 0.055321 0.055321 0.055321 0.055321
0.137528 0.077359 0.077359 0.077359 0.077359 0.068764 0.049511 0.049510 0.049510 0.049510 0.049510 0.049510 0.049510 0.049510 0.049510 0.038680
0.118659 0.118659 0.118659 0.066746 0.066746 0.066745 0.059330 0.042717 0.042717 0.042717 0.042717 0.042717 0.042717 0.042717 0.042717 0.042717
0.138169 0.077720 0.077720 0.077720 0.077720 0.077720 0.069084 0.049741 0.049741 0.049741 0.049741 0.049741 0.038860 0.038860 0.038860 0.038860
0.163599 0.092024 0.081799 0.058896 0.058896 0.058896 0.058896 0.058896 0.046013 0.046013 0.046012 0.046012 0.046012 0.046012 0.046012 0.046012
0.172962 0.097291 0.062266 0.062266 0.062266 0.062266 0.062266 0.048646 0.048646 0.048646 0.048645 0.045784 0.045784 0.045784 0.043240 0.043240
0.130272 0.073278 0.073278 0.073278 0.073278 0.073278 0.073277 0.065136 0.046899 0.046898 0.046898 0.046898 0.046898 0.046898 0.046898 0.036639
0.157915 0.088827 0.088827 0.056850 0.056850 0.056850 0.056850 0.056850 0.056849 0.056849 0.044414 0.044414 0.044414 0.044414 0.044414 0.044414
0.089928 0.089928 0.089928 0.089927 0.057555 0.057554 0.057554 0.057554 0.057554 0.057554 0.057554 0.057554 0.044965 0.044964 0.044964 0.044964
0.126663 0.126663 0.071248 0.071248 0.071248 0.071248 0.071247 0.045599 0.045599 0.045599 0.045599 0.045599 0.045598 0.045598 0.035624 0.035624
0.132122 0.132122 0.074319 0.074319 0.074319 0.047564 0.047564 0.047564 0.047564 0.047564 0.047564 0.047564 0.047564 0.047564 0.047564 0.037159
0.143087 0.143087 0.080487 0.071544 0.051511 0.051511 0.051511 0.051511 0.051511 0.051511 0.051511 0.040243 0.040243 0.040243 0.040243 0.040243
0.140573 0.079072 0.079072 0.079072 0.079072 0.070287 0.050606 0.050606 0.050606 0.050606 0.050606 0.050606 0.050606 0.039536 0.039536 0.039536
0.138175 0.138175 0.077723 0.077723 0.077723 0.049743 0.049743 0.049743 0.049743 0.049743 0.049743 0.038862 0.038862 0.038862 0.038862 0.036576
0.144326 0.081183 0.081183 0.081183 0.051958 0.051957 0.051957 0.051957 0.051957 0.051957 0.051957 0.051957 0.051957 0.051957 0.051957 0.040592
0.134093 0.075429 0.075427 0.075427 0.075427 0.075427 0.075427 0.048273 0.048273 0.048273 0.048273 0.048273 0.048273 0.048273 0.037714 0.037714
0.141492 0.141492 0.079589 0.070746 0.050938 0.050938 0.050937 0.050937 0.050937 0.050937 0.050937 0.050937 0.039795 0.039795 0.039795 0.039795
0.146359 0.082327 0.082327 0.082327 0.073180 0.052690 0.052689 0.052689 0.052689 0.052689 0.052689 0.052689 0.041164 0.041164 0.041164 0.041163
0.122063 0.122063 0.068660 0.068660 0.068660 0.068660 0.068660 0.061031 0.043943 0.043943 0.043943 0.043943 0.043943 0.043943 0.043943 0.043943
0.156403 0.087977 0.087977 0.078201 0.056305 0.056305 0.056305 0.056305 0.056305 0.043988 0.043988 0.043988 0.043988 0.043988 0.043988 0.043988
0.089286 0.089286 0.089286 0.089286 0.089285 0.057143 0.057143 0.057143 0.057143 0.057143 0.044643 0.044643 0.044643 0.044643 0.044643 0.044643
0.129723 0.129723 0.072969 0.072969 0.072968 0.064861 0.046700 0.046700 0.046700 0.046700 0.046700 0.046700 0.046700 0.046700 0.046700 0.036485
0.126143 0.126143 0.070956 0.070956 0.070955 0.063072 0.063072 0.045412 0.045412 0.045412 0.045412 0.045412 0.045412 0.045412 0.045412 0.045411
0.138720 0.078032 0.078030 0.078030 0.069360 0.069360 0.049940 0.049939 0.049939 0.049939 0.049939 0.049939 0.049939 0.049939 0.049939 0.039015
0.123001 0.123001 0.069189 0.069188 0.069188 0.069188 0.061500 0.061500 0.044281 0.044281 0.044280 0.044280 0.044280 0.044280 0.044280 0.044280
0.123686 0.123686 0.123686 0.069575 0.069573 0.044527 0.044527 0.044527 0.044527 0.044527 0.044527 0.044527 0.044527 0.044527 0.044527 0.044527
0.133824 0.133824 0.075276 0.075276 0.075276 0.066912 0.048177 0.048177 0.048177 0.048177 0.048177 0.048176 0.037638 0.037638 0.037638 0.037638
0.153286 0.086223 0.055183 0.055183 0.055183 0.055183 0.055183 0.055183 0.055183 0.055183 0.055183 0.055183 0.055183 0.055183 0.055183 0.043112
0.128411 0.128411 0.072231 0.072231 0.072231 0.064205 0.046228 0.046228 0.046228 0.046228 0.046228 0.046228 0.046228 0.046228 0.046228 0.046228
0.126143 0.126143 0.070956 0.070956 0.070955 0.063072 0.063072 0.045412 0.045412 0.045412 0.045412 0.045412 0.045412 0.045412 0.045412 0.045412
0.123248 0.123248 0.069327 0.069327 0.069327 0.069327 0.069326 0.061624 0.044369 0.044369 0.044369 0.044369 0.044369 0.044369 0.044369 0.034663
0.122063 0.122063 0.068662 0.068660 0.068660 0.068660 0.068660 0.061031 0.043943 0.043943 0.043943 0.043943 0.043943 0.043943 0.043943 0.043943
0.125156 0.125156 0.070402 0.070400 0.070400 0.070400 0.062578 0.045057 0.045056 0.045056 0.045056 0.045056 0.045056 0.045056 0.045056 0.045056
0.123001 0.123001 0.069188 0.069188 0.069188 0.069188 0.061501 0.061501 0.044280 0.044280 0.044280 0.044280 0.044280 0.044280 0.044280 0.044280
0.136055 0.076531 0.076531 0.076531 0.076530 0.068027 0.048980 0.048980 0.048980 0.048980 0.048980 0.048980 0.048980 0.048980 0.048980 0.048980
0.123686 0.123686 0.123686 0.069575 0.069573 0.044527 0.044527 0.044527 0.044527 0.044527 0.044527 0.044527 0.044527 0.044527 0.044527 0.044527
0.128411 0.128411 0.072231 0.072231 0.072231 0.064205 0.046229 0.046228 0.046228 0.046228 0.046228 0.046228 0.046228 0.046228 0.046228 0.046228
0.136054 0.076532 0.076530 0.076530 0.076530 0.068027 0.048980 0.048980 0.048979 0.048979 0.048979 0.048979 0.048979 0.048979 0.048979 0.048979
0.139909 0.078699 0.078699 0.078698 0.069955 0.050368 0.050368 0.050367 0.050367 0.050367 0.050367 0.050367 0.050367 0.050367 0.050367 0.050367
0.115042 0.115042 0.115042 0.064711 0.064711 0.064711 0.064711 0.064711 0.041415 0.041415 0.041415 0.041415 0.041415 0.041415 0.041415 0.041415
0.079759 0.079759 0.079759 0.079759 0.079758 0.070897 0.070897 0.051046 0.051046 0.051046 0.051046 0.051046 0.051046 0.051046 0.051046 0.051046
0.086889 0.086889 0.086889 0.086889 0.077235 0.055610 0.055609 0.055609 0.055609 0.055609 0.055609 0.055609 0.055609 0.043445 0.043445 0.043445
0.168446 0.094753 0.094751 0.060641 0.060640 0.060640 0.047376 0.047375 0.047375 0.047375 0.047375 0.047375 0.044589 0.044589 0.044589 0.042111
0.078371 0.078370 0.078370 0.078370 0.078370 0.078370 0.078369 0.050157 0.050157 0.050157 0.050157 0.050157 0.050157 0.050157 0.050157 0.050157
0.151200 0.085050 0.085050 0.085049 0.054432 0.054432 0.054432 0.054432 0.054432 0.054432 0.054432 0.042525 0.042525 0.042525 0.042525 0.042525
0.131931 0.131931 0.074211 0.074211 0.074211 0.074211 0.065966 0.047495 0.047495 0.047495 0.047495 0.037106 0.037106 0.037106 0.037106 0.034923
0.143395 0.080660 0.080660 0.080660 0.080659 0.051622 0.051622 0.051622 0.051622 0.051622 0.051622 0.051622 0.051622 0.040330 0.040330 0.040330
0.154556 0.086937 0.086937 0.086937 0.077278 0.055640 0.055640 0.055640 0.055640 0.043469 0.043469 0.043469 0.040912 0.040912 0.038639 0.033927
0.154186 0.154186 0.077093 0.055507 0.055507 0.055507 0.055507 0.055507 0.043365 0.043365 0.043365 0.043365 0.043365 0.040814 0.040814 0.038547
0.148066 0.083289 0.083287 0.083286 0.074033 0.053304 0.053304 0.053304 0.053304 0.053303 0.053303 0.041644 0.041644 0.041643 0.041643 0.041643
0.139689 0.078577 0.078575 0.078575 0.078575 0.078574 0.069844 0.050288 0.050288 0.050288 0.050288 0.039288 0.039288 0.039288 0.039288 0.039287
0.091567 0.091565 0.091565 0.091565 0.058602 0.058602 0.058602 0.058602 0.058602 0.058601 0.058601 0.045783 0.045782 0.045782 0.043090 0.043089
0.142475 0.080144 0.080142 0.080142 0.080142 0.080142 0.051291 0.051291 0.051291 0.051291 0.051291 0.040072 0.040071 0.040071 0.040071 0.040071
0.143176 0.143176 0.080537 0.080537 0.080537 0.051543 0.051543 0.051543 0.040268 0.040268 0.040268 0.040268 0.040268 0.040268 0.037900 0.037900
0.155294 0.087353 0.087352 0.077647 0.055906 0.055906 0.055906 0.055906 0.055905 0.055905 0.043676 0.043676 0.043676 0.043676 0.041107 0.041107
0.124903 0.124903 0.124903 0.070258 0.070257 0.044965 0.044965 0.044965 0.044965 0.044965 0.044965 0.044965 0.044965 0.044965 0.044965 0.035129
0.144352 0.081198 0.081198 0.072176 0.072176 0.051967 0.051967 0.051967 0.051967 0.051967 0.051967 0.051967 0.051967 0.051966 0.040599 0.040599
0.149421 0.084049 0.084049 0.084049 0.053792 0.053791 0.053791 0.053791 0.053791 0.053791 0.053791 0.053791 0.042025 0.042025 0.042025 0.042025
0.083832 0.083830 0.083830 0.083829 0.074516 0.053652 0.053652 0.053651 0.053651 0.053651 0.053651 0.053651 0.053651 0.053651 0.053651 0.053651
0.149058 0.083847 0.083845 0.074529 0.053662 0.053662 0.053661 0.053661 0.053661 0.053661 0.053661 0.053661 0.053661 0.041923 0.041923 0.041923
0.120663 0.120663 0.120663 0.067875 0.067873 0.067873 0.043439 0.043439 0.043439 0.043439 0.043439 0.043439 0.043439 0.043439 0.043439 0.043439
0.139909 0.078699 0.078699 0.078698 0.069955 0.050368 0.050367 0.050367 0.050367 0.050367 0.050367 0.050367 0.050367 0.050367 0.050367 0.050367
0.154083 0.086672 0.086672 0.055470 0.055470 0.055470 0.055470 0.055470 0.055470 0.055470 0.055470 0.055470 0.043336 0.043336 0.043336 0.043336
0.141819 0.079773 0.079773 0.079773 0.070910 0.070910 0.051055 0.051055 0.051055 0.051055 0.051055 0.051055 0.051055 0.039887 0.039887 0.039886
0.134953 0.134953 0.075911 0.075910 0.067477 0.067477 0.048583 0.048583 0.048583 0.048583 0.048583 0.048583 0.037956 0.037955 0.037955 0.037955
0.143756 0.080863 0.080863 0.080863 0.080863 0.071878 0.051752 0.051752 0.051752 0.051752 0.051752 0.040431 0.040431 0.040431 0.040431 0.040431
0.085847 0.085845 0.085845 0.085845 0.076307 0.054941 0.054941 0.054941 0.054941 0.054941 0.054941 0.054941 0.054941 0.054940 0.042923 0.042923
0.141468 0.079576 0.079576 0.079575 0.070734 0.050929 0.050929 0.050928 0.050928 0.050928 0.050928 0.050928 0.050928 0.050928 0.050928 0.039788
0.136379 0.136379 0.076715 0.076713 0.076713 0.049097 0.049096 0.049096 0.049096 0.049096 0.049096 0.049096 0.038357 0.038357 0.038357 0.038357
0.126143 0.126143 0.070956 0.070956 0.070955 0.063072 0.063072 0.045412 0.045412 0.045412 0.045412 0.045412 0.045412 0.045412 0.045412 0.045411
0.144692 0.081389 0.081389 0.081389 0.072346 0.052089 0.052089 0.052089 0.052089 0.052089 0.052089 0.052089 0.052089 0.040695 0.040694 0.040694
0.144692 0.081389 0.081389 0.081388 0.072346 0.052089 0.052089 0.052089 0.052089 0.052089 0.052089 0.052089 0.052089 0.040695 0.040695 0.040695
0.147683 0.083073 0.083072 0.083072 0.053166 0.053166 0.053166 0.053166 0.053166 0.053166 0.053166 0.053166 0.053165 0.041536 0.041536 0.041536
0.131839 0.131839 0.074159 0.074159 0.065919 0.047463 0.047463 0.047463 0.047462 0.047462 0.047462 0.047462 0.047462 0.047462 0.047462 0.047462
0.137221 0.137221 0.077188 0.077187 0.049400 0.049400 0.049399 0.049399 0.049399 0.049399 0.049399 0.049399 0.049399 0.049399 0.038594 0.038594
0.136054 0.076532 0.076530 0.076530 0.076530 0.068027 0.048980 0.048980 0.048979 0.048979 0.048979 0.048979 0.048979 0.048979 0.048979 0.048979
0.118659 0.118659 0.118659 0.066746 0.066746 0.066746 0.059330 0.042718 0.042718 0.042717 0.042717 0.042717 0.042717 0.042717 0.042717 0.042717
0.141143 0.079393 0.079393 0.070572 0.070572 0.050812 0.050812 0.050812 0.050812 0.050812 0.050812 0.050812 0.050812 0.050811 0.050811 0.050811
0.105485 0.067511 0.067511 0.067510 0.067510 0.067510 0.067510 0.067510 0.052743 0.052743 0.052743 0.052742 0.052742 0.052742 0.052742 0.052742
0.136991 0.077059 0.077058 0.077058 0.077058 0.077058 0.068496 0.049318 0.049317 0.049317 0.049317 0.049317 0.049317 0.038529 0.038529 0.036263
0.095501 0.095499 0.095499 0.084888 0.061120 0.061120 0.061120 0.061120 0.061120 0.047750 0.047750 0.047750 0.044941 0.044941 0.044941 0.044941
0.140019 0.140019 0.078760 0.078760 0.078760 0.050407 0.050407 0.050407 0.050407 0.050406 0.039381 0.039380 0.039380 0.039380 0.037064 0.037064
