0.132719 0.132719 0.074655 0.074655 0.074654 0.066360 0.047779 0.047779 0.047779 0.047779 0.047779 0.047779 0.047779 0.037327 0.037327 0.035132
0.122063 0.122063 0.068662 0.068660 0.068660 0.068660 0.068660 0.061031 0.043943 0.043943 0.043943 0.043943 0.043943 0.043943 0.043943 0.043943
0.136697 0.136697 0.076892 0.076892 0.076891 0.068348 0.049211 0.049211 0.049211 0.049211 0.049211 0.038446 0.038446 0.038446 0.036184 0.030007
0.141574 0.079635 0.079635 0.079635 0.079635 0.079635 0.070787 0.050967 0.050966 0.050966 0.039818 0.039818 0.039818 0.039817 0.039817 0.037475
0.111452 0.111452 0.111452 0.062692 0.062692 0.062692 0.062692 0.062691 0.055726 0.055726 0.040123 0.040123 0.040123 0.040123 0.040123 0.040123
0.114025 0.114025 0.114025 0.064140 0.064139 0.064139 0.064139 0.057012 0.057012 0.041049 0.041049 0.041049 0.041049 0.041049 0.041049 0.041049
0.128411 0.128411 0.072231 0.072231 0.072231 0.064206 0.046228 0.046228 0.046228 0.046228 0.046228 0.046228 0.046228 0.046228 0.046228 0.046228
0.129450 0.129450 0.072816 0.072815 0.064725 0.064725 0.046602 0.046602 0.046602 0.046602 0.046602 0.046602 0.046602 0.046602 0.046602 0.046602
0.135858 0.135858 0.076420 0.076420 0.076419 0.067929 0.048909 0.048909 0.048909 0.048909 0.048908 0.038210 0.038210 0.038210 0.035962 0.035962
0.115875 0.115875 0.115875 0.065181 0.065179 0.065179 0.065179 0.057937 0.041715 0.041715 0.041715 0.041715 0.041715 0.041715 0.041715 0.041715
0.142507 0.142507 0.080160 0.080159 0.071254 0.051303 0.051303 0.051303 0.051302 0.040080 0.040080 0.040080 0.040080 0.040080 0.040080 0.037722
0.133511 0.075100 0.075100 0.075100 0.075099 0.066756 0.066756 0.048064 0.048064 0.048064 0.048064 0.048064 0.048064 0.048064 0.048064 0.048064
0.125885 0.125885 0.125885 0.070810 0.062942 0.045319 0.045319 0.045319 0.045319 0.045319 0.045319 0.045319 0.045319 0.045319 0.045319 0.035405
0.115875 0.115875 0.115875 0.065181 0.065179 0.065179 0.065179 0.057937 0.041715 0.041715 0.041715 0.041715 0.041715 0.041715 0.041715 0.041715
0.143420 0.080676 0.080674 0.080674 0.071710 0.071710 0.051632 0.051631 0.051631 0.051631 0.051631 0.051631 0.040337 0.040337 0.040337 0.040337
0.129450 0.129450 0.129450 0.072815 0.046602 0.046602 0.046602 0.046602 0.046602 0.046602 0.046602 0.046602 0.046602 0.046602 0.036408 0.036408
0.166172 0.083086 0.059822 0.059822 0.059822 0.059822 0.059822 0.059822 0.059822 0.059822 0.046736 0.046736 0.046736 0.043987 0.043987 0.043987
0.139034 0.078207 0.078207 0.078207 0.078206 0.069517 0.050052 0.050052 0.050052 0.050052 0.050052 0.050052 0.050052 0.050052 0.039103 0.039103
0.116720 0.116720 0.116720 0.065655 0.065655 0.065654 0.058360 0.058360 0.042019 0.042019 0.042019 0.042019 0.042019 0.042019 0.042019 0.042019
0.174734 0.098288 0.062905 0.062905 0.062904 0.062904 0.062904 0.062904 0.049145 0.049145 0.046254 0.046253 0.043684 0.038357 0.038357 0.038357
0.135249 0.135249 0.076078 0.076078 0.076077 0.067625 0.048690 0.048690 0.048690 0.048690 0.048689 0.038039 0.038039 0.038039 0.038039 0.038039
0.093206 0.093206 0.093206 0.082850 0.059652 0.059652 0.059652 0.059652 0.059652 0.059652 0.046603 0.046603 0.046603 0.046603 0.046603 0.046603
0.137015 0.137015 0.077071 0.077071 0.077070 0.068508 0.049326 0.049326 0.049326 0.049325 0.038536 0.038536 0.038536 0.038535 0.038535 0.036269
0.136356 0.076700 0.076700 0.076700 0.076700 0.076699 0.049088 0.049088 0.049088 0.049088 0.049088 0.049088 0.049088 0.049088 0.049088 0.038350
0.132407 0.074479 0.074479 0.074479 0.074479 0.074478 0.066203 0.047667 0.047666 0.047666 0.047666 0.047666 0.047666 0.047666 0.047666 0.047666
0.150829 0.084841 0.084841 0.075415 0.054299 0.054299 0.054299 0.054299 0.054299 0.054299 0.054299 0.054298 0.042421 0.042421 0.042421 0.042421
0.157916 0.088828 0.088828 0.056850 0.056850 0.056850 0.056850 0.056850 0.056850 0.056849 0.044414 0.044414 0.044414 0.044414 0.044414 0.044414
0.142147 0.079957 0.079957 0.079957 0.079957 0.071073 0.051173 0.051173 0.051173 0.051173 0.051172 0.051172 0.039979 0.039979 0.039979 0.039979
0.127939 0.127939 0.071966 0.071966 0.071966 0.071966 0.071965 0.046058 0.046058 0.046058 0.046058 0.046058 0.046058 0.035983 0.035983 0.035983
0.132714 0.074652 0.074652 0.074652 0.074652 0.074651 0.066357 0.066357 0.047777 0.047777 0.047777 0.047777 0.047777 0.047777 0.037326 0.037326
0.126662 0.071249 0.071247 0.071247 0.071247 0.071247 0.071247 0.063331 0.063331 0.045599 0.045599 0.045599 0.045598 0.045598 0.045598 0.045598
0.123001 0.123001 0.069189 0.069188 0.069188 0.069188 0.061500 0.061500 0.044281 0.044280 0.044280 0.044280 0.044280 0.044280 0.044280 0.044280
0.134930 0.075898 0.075898 0.075898 0.075898 0.067465 0.067465 0.048575 0.048575 0.048575 0.048575 0.048575 0.048575 0.048575 0.048575 0.037949
0.125157 0.125157 0.070401 0.070401 0.070401 0.070400 0.062578 0.045056 0.045056 0.045056 0.045056 0.045056 0.045056 0.045056 0.045056 0.045056
0.145986 0.082117 0.082117 0.082117 0.052555 0.052555 0.052555 0.052555 0.052555 0.052555 0.052555 0.052555 0.052554 0.052554 0.041058 0.041058
0.123001 0.123001 0.069189 0.069188 0.069188 0.069188 0.061501 0.061501 0.044281 0.044280 0.044280 0.044280 0.044280 0.044280 0.044280 0.044280
0.119118 0.119118 0.067005 0.067004 0.067004 0.067004 0.067004 0.067003 0.059559 0.042883 0.042883 0.042883 0.042883 0.042883 0.042883 0.042883
0.122063 0.122063 0.068662 0.068660 0.068660 0.068660 0.068659 0.061031 0.043943 0.043943 0.043943 0.043943 0.043943 0.043943 0.043943 0.043943
0.132934 0.132934 0.074776 0.066467 0.066467 0.047857 0.047857 0.047856 0.047856 0.047856 0.047856 0.047856 0.047856 0.047856 0.047856 0.047856
0.095159 0.095157 0.084584 0.060901 0.060901 0.060901 0.060901 0.060901 0.060901 0.060901 0.060900 0.047579 0.047579 0.047579 0.047579 0.047579
0.129450 0.129450 0.072815 0.072815 0.064725 0.064725 0.046602 0.046602 0.046602 0.046602 0.046602 0.046602 0.046602 0.046602 0.046602 0.046602
0.120682 0.120682 0.120682 0.067884 0.067884 0.060341 0.060341 0.043445 0.043445 0.043445 0.043445 0.043445 0.043445 0.043445 0.043445 0.033942
0.145032 0.081582 0.081581 0.081581 0.081581 0.052212 0.052212 0.052212 0.052212 0.052212 0.052212 0.052212 0.040791 0.040791 0.040791 0.040790
0.111708 0.071494 0.071494 0.071493 0.071493 0.071493 0.071493 0.055854 0.055854 0.055854 0.055854 0.052569 0.052568 0.043594 0.043594 0.043594
0.133824 0.133824 0.075276 0.075276 0.075275 0.066912 0.048177 0.048177 0.048177 0.048177 0.048176 0.048176 0.037638 0.037638 0.037638 0.037638
0.139349 0.078384 0.078384 0.078384 0.078384 0.078383 0.050166 0.050166 0.050166 0.050166 0.050166 0.050165 0.050165 0.039192 0.039192 0.039192
0.128680 0.128680 0.072382 0.072382 0.072382 0.072382 0.046325 0.046325 0.046325 0.046325 0.046325 0.046325 0.046325 0.046324 0.046324 0.036191
0.131320 0.073869 0.073867 0.073867 0.073867 0.073867 0.073867 0.047276 0.047275 0.047275 0.047275 0.047275 0.047275 0.047275 0.047275 0.047275
0.146708 0.082525 0.082523 0.082523 0.082522 0.052816 0.052816 0.052815 0.052815 0.052815 0.052815 0.041262 0.041262 0.041262 0.041262 0.041261
0.151601 0.085276 0.085276 0.085275 0.075801 0.054577 0.054577 0.054577 0.054576 0.042638 0.042638 0.042638 0.042638 0.042638 0.042638 0.042638
0.126143 0.126143 0.070956 0.070956 0.070956 0.063072 0.063072 0.045412 0.045412 0.045412 0.045412 0.045412 0.045412 0.045412 0.045412 0.045412
0.128680 0.128680 0.072382 0.072382 0.072382 0.072382 0.046325 0.046325 0.046325 0.046325 0.046325 0.046325 0.046325 0.046324 0.046324 0.036191
0.114025 0.114025 0.114025 0.064139 0.064139 0.064139 0.064139 0.057012 0.057012 0.041050 0.041050 0.041050 0.041049 0.041049 0.041049 0.041049
0.084620 0.084618 0.084617 0.075216 0.075216 0.054156 0.054156 0.054156 0.054156 0.054156 0.054156 0.054156 0.054156 0.054156 0.054156 0.054155
0.111451 0.111451 0.111451 0.062691 0.062691 0.062691 0.062691 0.062691 0.055726 0.055726 0.040123 0.040123 0.040123 0.040123 0.040123 0.040123
0.123001 0.123001 0.069188 0.069188 0.069188 0.069188 0.061501 0.061501 0.044280 0.044280 0.044280 0.044280 0.044280 0.044280 0.044280 0.044280
0.127877 0.127877 0.127877 0.063939 0.046036 0.046036 0.046036 0.046036 0.046036 0.046036 0.046036 0.046036 0.046036 0.046036 0.046036 0.046036
0.120682 0.120682 0.120682 0.067884 0.067883 0.060341 0.060341 0.043446 0.043446 0.043446 0.043446 0.043446 0.043446 0.043445 0.043445 0.033942
0.139349 0.078384 0.078384 0.078384 0.078384 0.078383 0.050166 0.050166 0.050166 0.050166 0.050166 0.050165 0.050165 0.039192 0.039192 0.039192
0.140573 0.079072 0.079072 0.079072 0.079071 0.070286 0.050606 0.050606 0.050606 0.050606 0.050606 0.050606 0.050606 0.039536 0.039536 0.039536
0.095158 0.095158 0.084585 0.060901 0.060901 0.060901 0.060901 0.060901 0.060901 0.060900 0.060900 0.047579 0.047579 0.047579 0.047579 0.047579
0.128411 0.128411 0.072232 0.072231 0.072231 0.064205 0.046228 0.046228 0.046228 0.046228 0.046228 0.046228 0.046228 0.046228 0.046228 0.046228
0.139909 0.078700 0.078699 0.078699 0.069954 0.050368 0.050368 0.050367 0.050367 0.050367 0.050367 0.050367 0.050367 0.050367 0.050367 0.050367
0.127673 0.127673 0.071816 0.071816 0.071816 0.071816 0.063837 0.045962 0.045962 0.045962 0.045962 0.045962 0.045962 0.045962 0.035908 0.035908
0.131839 0.131839 0.074160 0.074159 0.065920 0.047463 0.047462 0.047462 0.047462 0.047462 0.047462 0.047462 0.047462 0.047462 0.047462 0.047462
0.116720 0.116720 0.116720 0.065656 0.065655 0.065655 0.058360 0.058360 0.042020 0.042020 0.042019 0.042019 0.042019 0.042019 0.042019 0.042019
0.147710 0.083087 0.083087 0.073855 0.073855 0.053176 0.053176 0.053176 0.053176 0.053176 0.053176 0.053176 0.041544 0.041544 0.041544 0.041544
0.136054 0.076531 0.076531 0.076531 0.076530 0.068027 0.048980 0.048980 0.048980 0.048980 0.048980 0.048980 0.048980 0.048980 0.048980 0.048979
0.133511 0.075100 0.075100 0.075100 0.075100 0.066756 0.066756 0.048065 0.048064 0.048064 0.048064 0.048064 0.048064 0.048064 0.048064 0.048064
0.115875 0.115875 0.115875 0.065180 0.065180 0.065180 0.065180 0.057937 0.041715 0.041715 0.041715 0.041715 0.041715 0.041715 0.041715 0.041715
0.084255 0.084254 0.084254 0.084254 0.084254 0.074892 0.053922 0.053922 0.053922 0.053922 0.053922 0.053922 0.053922 0.042127 0.042127 0.042127
0.126402 0.126402 0.071103 0.071101 0.071101 0.071100 0.063201 0.045505 0.045505 0.045505 0.045505 0.045505 0.045505 0.045505 0.045504 0.035551
0.151200 0.085052 0.085050 0.085049 0.054433 0.054432 0.054432 0.054432 0.054432 0.054432 0.054432 0.042525 0.042525 0.042525 0.042525 0.042525
0.143756 0.080863 0.080863 0.080863 0.080863 0.071878 0.051752 0.051752 0.051752 0.051752 0.051752 0.040431 0.040431 0.040431 0.040431 0.040431
0.154889 0.087125 0.087125 0.087124 0.055760 0.055760 0.055760 0.055760 0.055760 0.043563 0.043563 0.043563 0.043563 0.043562 0.043562 0.043562
0.147452 0.147452 0.082942 0.082941 0.073726 0.053083 0.053083 0.053083 0.041471 0.041471 0.041471 0.039031 0.039031 0.039031 0.032367 0.032367
0.135553 0.135553 0.076250 0.076248 0.076248 0.067776 0.048799 0.048799 0.048799 0.048799 0.048799 0.038125 0.038125 0.038124 0.038124 0.035882
0.095421 0.095419 0.095418 0.061069 0.061069 0.061068 0.061068 0.061068 0.061068 0.061068 0.047710 0.047710 0.047710 0.047710 0.047710 0.047710
0.136682 0.076885 0.076883 0.076883 0.076883 0.076883 0.068341 0.049206 0.049205 0.049205 0.049205 0.049205 0.049205 0.038442 0.038442 0.038442
0.148066 0.083289 0.083287 0.083287 0.074033 0.053304 0.053304 0.053304 0.053304 0.053304 0.053303 0.041644 0.041644 0.041643 0.041643 0.041643
0.142147 0.079957 0.079957 0.079957 0.079957 0.071073 0.051173 0.051173 0.051173 0.051173 0.051172 0.051172 0.039979 0.039979 0.039979 0.039979
0.162053 0.091155 0.091155 0.091155 0.058339 0.058339 0.058339 0.045577 0.045577 0.045577 0.045577 0.042896 0.042896 0.042896 0.042896 0.035573
0.121821 0.121821 0.121821 0.068524 0.068524 0.068524 0.043856 0.043856 0.043856 0.043856 0.043856 0.043856 0.043856 0.043856 0.043855 0.034262
0.137528 0.077361 0.077359 0.077359 0.077359 0.068764 0.049511 0.049510 0.049510 0.049510 0.049510 0.049510 0.049510 0.049510 0.049510 0.038680
0.137221 0.077188 0.077187 0.077186 0.068610 0.068610 0.049400 0.049400 0.049400 0.049400 0.049400 0.049400 0.049400 0.049400 0.049400 0.049400
0.123266 0.123266 0.123266 0.069339 0.069337 0.069337 0.061633 0.044376 0.044376 0.044376 0.044376 0.044376 0.034669 0.034669 0.034669 0.034669
0.148066 0.083289 0.083287 0.083286 0.074033 0.053304 0.053304 0.053304 0.053303 0.053303 0.053303 0.041644 0.041644 0.041643 0.041643 0.041643
0.120919 0.120919 0.120919 0.068017 0.068017 0.068016 0.060460 0.043531 0.043531 0.043531 0.043531 0.043531 0.043531 0.043531 0.034008 0.034008
0.093652 0.083247 0.083247 0.059938 0.059938 0.059938 0.059938 0.059938 0.059938 0.059938 0.059938 0.059938 0.059937 0.046826 0.046826 0.046826
0.134719 0.134719 0.075779 0.075779 0.075779 0.067360 0.048499 0.048499 0.048499 0.048499 0.048499 0.048499 0.037890 0.035661 0.035661 0.035661
0.123001 0.123001 0.069188 0.069188 0.069188 0.069187 0.061501 0.061501 0.044281 0.044281 0.044280 0.044280 0.044280 0.044280 0.044280 0.044280
0.132406 0.074480 0.074479 0.074479 0.074479 0.074478 0.066203 0.047667 0.047666 0.047666 0.047666 0.047666 0.047666 0.047666 0.047666 0.047666
0.139933 0.139933 0.078712 0.069967 0.050377 0.050377 0.050376 0.050376 0.050376 0.050376 0.050376 0.050376 0.050376 0.039357 0.039357 0.039357
0.125156 0.125156 0.070402 0.070400 0.070400 0.070400 0.062578 0.045057 0.045057 0.045056 0.045056 0.045056 0.045056 0.045056 0.045056 0.045056
0.126143 0.126143 0.070957 0.070955 0.070955 0.063071 0.063071 0.045412 0.045412 0.045411 0.045411 0.045411 0.045411 0.045411 0.045411 0.045411
0.118659 0.118659 0.118659 0.066746 0.066746 0.066746 0.059330 0.042717 0.042717 0.042717 0.042717 0.042717 0.042717 0.042717 0.042717 0.042717
0.136379 0.136379 0.076713 0.076713 0.076713 0.049097 0.049097 0.049097 0.049097 0.049097 0.049096 0.049096 0.038357 0.038357 0.038356 0.038356
0.141143 0.079393 0.079393 0.070572 0.070572 0.050812 0.050812 0.050812 0.050812 0.050812 0.050812 0.050812 0.050812 0.050812 0.050812 0.050812
0.132407 0.074479 0.074479 0.074479 0.074479 0.074478 0.066203 0.047667 0.047666 0.047666 0.047666 0.047666 0.047666 0.047666 0.047666 0.047666
0.115058 0.115058 0.115058 0.064720 0.064720 0.064720 0.064720 0.057529 0.057529 0.041421 0.041421 0.041421 0.041421 0.041421 0.041421 0.032360
0.135857 0.135857 0.076421 0.076419 0.076419 0.067928 0.048909 0.048909 0.048908 0.048908 0.048908 0.038210 0.038210 0.038210 0.035962 0.035962
0.146359 0.082327 0.082327 0.082327 0.073180 0.052690 0.052689 0.052689 0.052689 0.052689 0.052689 0.052689 0.041164 0.041164 0.041163 0.041163
0.154574 0.154574 0.086948 0.077287 0.055647 0.055647 0.055647 0.043474 0.043474 0.043474 0.040917 0.040917 0.040917 0.038643 0.033931 0.033931
0.149421 0.084049 0.084049 0.084048 0.053792 0.053792 0.053792 0.053792 0.053792 0.053792 0.053791 0.053791 0.042025 0.042025 0.042025 0.042025
0.152643 0.085861 0.085861 0.076321 0.054952 0.054952 0.054951 0.054951 0.054951 0.054951 0.054951 0.042931 0.042931 0.042931 0.042931 0.042931
0.143087 0.143087 0.080486 0.071544 0.051511 0.051511 0.051511 0.051511 0.051511 0.051511 0.051511 0.040243 0.040243 0.040243 0.040243 0.040243
0.136078 0.136078 0.076544 0.076543 0.068039 0.048988 0.048988 0.048988 0.048988 0.048988 0.048988 0.048988 0.048988 0.038272 0.038272 0.038272
0.131062 0.131062 0.073722 0.073722 0.073721 0.065531 0.047182 0.047182 0.047182 0.047182 0.047182 0.047182 0.047182 0.047182 0.036861 0.036861
0.146360 0.082327 0.082327 0.082326 0.073180 0.052689 0.052689 0.052689 0.052689 0.052689 0.052689 0.052689 0.041164 0.041164 0.041164 0.041163
0.136379 0.136379 0.076715 0.076713 0.076712 0.049097 0.049097 0.049096 0.049096 0.049096 0.049096 0.049096 0.038357 0.038357 0.038357 0.038357
0.087961 0.087959 0.087959 0.087958 0.078186 0.056295 0.056294 0.056294 0.056294 0.056294 0.056294 0.056293 0.043980 0.043980 0.043980 0.043980
0.091076 0.091074 0.091074 0.091073 0.058288 0.058288 0.058288 0.058288 0.058288 0.058288 0.058288 0.045538 0.045538 0.045538 0.045537 0.045537
0.146359 0.082329 0.082327 0.082327 0.073179 0.052690 0.052690 0.052689 0.052689 0.052689 0.052689 0.052689 0.041164 0.041163 0.041163 0.041163
0.141912 0.141912 0.079826 0.079826 0.079826 0.051088 0.051088 0.051088 0.051088 0.039913 0.039913 0.039913 0.039913 0.037565 0.037565 0.037565
0.123001 0.123001 0.069188 0.069188 0.069188 0.069188 0.061501 0.061501 0.044281 0.044280 0.044280 0.044280 0.044280 0.044280 0.044280 0.044280
0.123001 0.123001 0.069188 0.069188 0.069188 0.069187 0.061501 0.061501 0.044281 0.044281 0.044280 0.044280 0.044280 0.044280 0.044280 0.044280
0.128411 0.128411 0.072231 0.072231 0.072230 0.064205 0.046229 0.046229 0.046228 0.046228 0.046228 0.046228 0.046228 0.046228 0.046228 0.046228
0.142704 0.080273 0.080271 0.080271 0.051374 0.051374 0.051374 0.051373 0.051373 0.051373 0.051373 0.051373 0.051373 0.051373 0.051373 0.051373
0.143061 0.080473 0.080472 0.080471 0.071531 0.051503 0.051503 0.051503 0.051502 0.051502 0.051502 0.051502 0.051502 0.051502 0.040236 0.040236
0.121821 0.121821 0.121821 0.068524 0.068524 0.068524 0.043856 0.043856 0.043856 0.043856 0.043856 0.043856 0.043856 0.043856 0.043855 0.034262
0.136078 0.136078 0.076544 0.076544 0.068039 0.048988 0.048988 0.048988 0.048988 0.048988 0.048988 0.048988 0.048988 0.038272 0.038272 0.038272
0.126402 0.126402 0.071101 0.071101 0.071101 0.071101 0.063201 0.045505 0.045505 0.045505 0.045505 0.045505 0.045505 0.045505 0.045505 0.035551
0.125431 0.125431 0.070556 0.070555 0.070555 0.070554 0.062715 0.062715 0.045156 0.045155 0.045155 0.045155 0.045155 0.045155 0.035278 0.035278
0.125156 0.125156 0.070402 0.070400 0.070400 0.070400 0.062578 0.045057 0.045057 0.045056 0.045056 0.045056 0.045056 0.045056 0.045056 0.045056
0.084051 0.084049 0.084049 0.084048 0.074710 0.074710 0.053792 0.053792 0.053792 0.053791 0.053791 0.053791 0.053791 0.053791 0.042025 0.042025
0.149421 0.084049 0.084049 0.084049 0.053792 0.053792 0.053792 0.053792 0.053792 0.053792 0.053792 0.053791 0.042025 0.042025 0.042025 0.042024
0.132122 0.132122 0.074320 0.074319 0.074319 0.047564 0.047564 0.047564 0.047564 0.047564 0.047564 0.047564 0.047564 0.047564 0.047564 0.037160
0.127388 0.127388 0.071657 0.071656 0.071656 0.071655 0.045860 0.045860 0.045860 0.045860 0.045860 0.045860 0.045860 0.045860 0.045860 0.045859
0.137221 0.137221 0.077188 0.077187 0.049400 0.049400 0.049400 0.049400 0.049400 0.049400 0.049400 0.049399 0.049399 0.049399 0.038594 0.038593
0.158337 0.089064 0.079168 0.057001 0.057001 0.057001 0.057001 0.057001 0.057001 0.057001 0.057001 0.044532 0.044532 0.044532 0.041913 0.041913
0.127409 0.127409 0.127409 0.071668 0.071668 0.045867 0.045867 0.045867 0.045867 0.045867 0.045867 0.045867 0.045867 0.035834 0.035834 0.035834
0.139373 0.139373 0.078397 0.078397 0.078397 0.050175 0.050174 0.050174 0.050174 0.050174 0.039199 0.039199 0.039199 0.039199 0.039199 0.039199
0.159911 0.089950 0.079956 0.057568 0.057568 0.057568 0.057568 0.057568 0.057568 0.057568 0.044976 0.044976 0.044976 0.044975 0.044975 0.042330
0.153849 0.153849 0.086542 0.076924 0.055385 0.055385 0.055385 0.043270 0.043270 0.043270 0.040725 0.040725 0.040725 0.038462 0.038462 0.033772
0.140573 0.079072 0.079072 0.079072 0.079071 0.070286 0.050607 0.050607 0.050606 0.050606 0.050606 0.050606 0.050606 0.039536 0.039536 0.039536
0.094439 0.094439 0.094439 0.083945 0.060441 0.060441 0.060441 0.060441 0.060440 0.047220 0.047219 0.047219 0.047219 0.047219 0.047219 0.047219
0.159904 0.089946 0.089946 0.057565 0.057565 0.057565 0.057565 0.057565 0.057565 0.044973 0.044973 0.044973 0.044973 0.044973 0.044973 0.044973
0.151586 0.085267 0.085266 0.075793 0.054571 0.054571 0.054571 0.054571 0.054571 0.054571 0.054571 0.054571 0.042633 0.042633 0.040126 0.040126
0.165255 0.092956 0.059492 0.059492 0.059492 0.059492 0.059492 0.059492 0.059492 0.046478 0.046478 0.046478 0.046478 0.046478 0.046478 0.046478
0.080647 0.080645 0.080645 0.080645 0.080645 0.080645 0.051613 0.051613 0.051613 0.051613 0.051613 0.051613 0.051613 0.051613 0.051613 0.051613
0.122063 0.122063 0.068662 0.068660 0.068660 0.068660 0.068660 0.061031 0.043943 0.043943 0.043943 0.043943 0.043943 0.043943 0.043943 0.043943
0.122063 0.122063 0.068662 0.068660 0.068660 0.068660 0.068660 0.061031 0.043943 0.043943 0.043943 0.043943 0.043943 0.043943 0.043943 0.043943
0.136054 0.076532 0.076530 0.076530 0.076530 0.068027 0.048980 0.048980 0.048979 0.048979 0.048979 0.048979 0.048979 0.048979 0.048979 0.048979
0.131320 0.073869 0.073867 0.073867 0.073867 0.073867 0.073866 0.047276 0.047276 0.047275 0.047275 0.047275 0.047275 0.047275 0.047275 0.047275
0.108992 0.108992 0.108992 0.061309 0.061308 0.061308 0.061308 0.061308 0.061307 0.054496 0.054496 0.039238 0.039238 0.039237 0.039237 0.039237
0.137836 0.077533 0.077533 0.077533 0.077533 0.077532 0.049621 0.049621 0.049621 0.049621 0.049621 0.049621 0.049621 0.049621 0.038766 0.038766
0.127918 0.071955 0.071954 0.071954 0.071954 0.071954 0.071954 0.071954 0.046051 0.046050 0.046050 0.046050 0.046050 0.046050 0.046050 0.046050
0.118659 0.118659 0.118659 0.066746 0.066746 0.066746 0.059330 0.042717 0.042717 0.042717 0.042717 0.042717 0.042717 0.042717 0.042717 0.042717
0.116720 0.116720 0.116720 0.065655 0.065655 0.065654 0.058360 0.058360 0.042019 0.042019 0.042019 0.042019 0.042019 0.042019 0.042019 0.042019
0.128411 0.128411 0.072232 0.072231 0.072231 0.064205 0.046228 0.046228 0.046228 0.046228 0.046228 0.046228 0.046228 0.046228 0.046228 0.046228
0.125156 0.125156 0.070400 0.070400 0.070400 0.070400 0.062578 0.045057 0.045056 0.045056 0.045056 0.045056 0.045056 0.045056 0.045056 0.045056
0.126143 0.126143 0.070955 0.070955 0.070955 0.063072 0.063072 0.045412 0.045412 0.045411 0.045411 0.045411 0.045411 0.045411 0.045411 0.045411
0.139909 0.078699 0.078699 0.078698 0.069954 0.050368 0.050368 0.050367 0.050367 0.050367 0.050367 0.050367 0.050367 0.050367 0.050367 0.050367
0.125156 0.125156 0.070400 0.070400 0.070400 0.070400 0.062578 0.045057 0.045057 0.045056 0.045056 0.045056 0.045056 0.045056 0.045056 0.045056
0.118659 0.118659 0.118659 0.066746 0.066746 0.066745 0.059330 0.042717 0.042717 0.042717 0.042717 0.042717 0.042717 0.042717 0.042717 0.042717
0.135226 0.076065 0.076065 0.076065 0.076065 0.076065 0.067613 0.048682 0.048682 0.048681 0.048681 0.048681 0.048681 0.048681 0.038033 0.038033
0.148065 0.083288 0.083287 0.083287 0.074033 0.053304 0.053304 0.053304 0.053304 0.053304 0.053304 0.041644 0.041644 0.041644 0.041643 0.041643
0.156402 0.087978 0.087976 0.078201 0.056305 0.056305 0.056305 0.056305 0.056305 0.043989 0.043989 0.043989 0.043989 0.043988 0.043988 0.043988
0.119119 0.119119 0.067004 0.067004 0.067004 0.067004 0.067004 0.067003 0.059559 0.042883 0.042883 0.042883 0.042883 0.042883 0.042883 0.042883
0.121139 0.121139 0.068141 0.068141 0.068141 0.068141 0.068141 0.068140 0.043610 0.043610 0.043610 0.043610 0.043610 0.043610 0.043610 0.043610
0.143087 0.143087 0.080487 0.071544 0.051511 0.051511 0.051511 0.051511 0.051511 0.051511 0.051511 0.040243 0.040243 0.040243 0.040243 0.040243
0.139034 0.078207 0.078207 0.078207 0.078206 0.069517 0.050052 0.050052 0.050052 0.050052 0.050052 0.050052 0.050052 0.050052 0.039103 0.039103
0.136379 0.136379 0.076713 0.076713 0.076713 0.049097 0.049097 0.049097 0.049097 0.049097 0.049096 0.049096 0.038357 0.038357 0.038357 0.038356
0.138696 0.078017 0.078017 0.078017 0.078017 0.049931 0.049931 0.049931 0.049931 0.049931 0.049931 0.049931 0.049931 0.049931 0.049930 0.049930
0.131320 0.073869 0.073867 0.073867 0.073867 0.073867 0.073867 0.047276 0.047275 0.047275 0.047275 0.047275 0.047275 0.047275 0.047275 0.047275
0.133222 0.133222 0.074937 0.074937 0.066611 0.047961 0.047961 0.047960 0.047960 0.047960 0.047960 0.047960 0.047960 0.047960 0.047960 0.037469
0.140573 0.079072 0.079072 0.079072 0.079071 0.070286 0.050607 0.050606 0.050606 0.050606 0.050606 0.050606 0.050606 0.039536 0.039536 0.039536
0.122063 0.122063 0.068660 0.068660 0.068660 0.068660 0.068660 0.061031 0.043943 0.043943 0.043943 0.043943 0.043943 0.043943 0.043943 0.043943
0.084460 0.084460 0.084460 0.084460 0.084460 0.084459 0.054054 0.054054 0.054054 0.054054 0.054054 0.054054 0.042230 0.042230 0.042230 0.042230
0.125157 0.125157 0.070401 0.070401 0.070401 0.070400 0.062578 0.045056 0.045056 0.045056 0.045056 0.045056 0.045056 0.045056 0.045056 0.045056
0.126143 0.126143 0.070956 0.070956 0.070955 0.063072 0.063072 0.045412 0.045412 0.045412 0.045412 0.045412 0.045412 0.045412 0.045412 0.045412
0.137221 0.077188 0.077187 0.077187 0.068611 0.068611 0.049400 0.049400 0.049400 0.049400 0.049400 0.049400 0.049400 0.049400 0.049399 0.049399
0.117164 0.117164 0.065906 0.065905 0.065905 0.065905 0.065905 0.065905 0.058582 0.058582 0.042180 0.042180 0.042179 0.042179 0.042179 0.042179
0.119778 0.119778 0.119778 0.067375 0.067375 0.067375 0.059889 0.043120 0.043120 0.043120 0.043120 0.043120 0.043120 0.043120 0.043120 0.033688
0.151458 0.085195 0.054525 0.054525 0.054525 0.054525 0.054525 0.054525 0.054525 0.054525 0.054525 0.054525 0.054525 0.054525 0.054524 0.054524
0.125157 0.125157 0.070401 0.070401 0.070401 0.070400 0.062578 0.045056 0.045056 0.045056 0.045056 0.045056 0.045056 0.045056 0.045056 0.045056
0.126143 0.126143 0.070956 0.070956 0.070955 0.063072 0.063072 0.045412 0.045412 0.045412 0.045412 0.045412 0.045412 0.045412 0.045412 0.045412
0.122063 0.122063 0.068660 0.068660 0.068660 0.068660 0.068660 0.061032 0.043943 0.043943 0.043943 0.043943 0.043943 0.043943 0.043942 0.043942
0.111451 0.111451 0.111451 0.062693 0.062691 0.062691 0.062691 0.062691 0.055726 0.055726 0.040123 0.040123 0.040123 0.040123 0.040123 0.040123
0.125156 0.125156 0.070402 0.070400 0.070400 0.070400 0.062578 0.045057 0.045057 0.045056 0.045056 0.045056 0.045056 0.045056 0.045056 0.045056
0.123001 0.123001 0.069188 0.069188 0.069188 0.069188 0.061501 0.061501 0.044280 0.044280 0.044280 0.044280 0.044280 0.044280 0.044280 0.044280
0.123001 0.123001 0.069188 0.069188 0.069188 0.069188 0.061501 0.061501 0.044280 0.044280 0.044280 0.044280 0.044280 0.044280 0.044280 0.044280
0.115875 0.115875 0.115875 0.065181 0.065179 0.065179 0.065179 0.057937 0.041715 0.041715 0.041715 0.041715 0.041715 0.041715 0.041715 0.041715
0.118659 0.118659 0.118659 0.066746 0.066746 0.066746 0.059330 0.042718 0.042717 0.042717 0.042717 0.042717 0.042717 0.042717 0.042717 0.042717
0.132406 0.074480 0.074478 0.074478 0.074478 0.074478 0.066203 0.047667 0.047667 0.047666 0.047666 0.047666 0.047666 0.047666 0.047666 0.047666
0.136054 0.076531 0.076531 0.076531 0.076530 0.068027 0.048980 0.048980 0.048980 0.048980 0.048980 0.048980 0.048980 0.048980 0.048980 0.048980
0.145401 0.081790 0.081788 0.081788 0.081788 0.072701 0.052345 0.052344 0.052344 0.052344 0.040895 0.040895 0.040894 0.040894 0.040894 0.040894
0.078371 0.078370 0.078370 0.078370 0.078370 0.078370 0.078369 0.050157 0.050157 0.050157 0.050157 0.050157 0.050157 0.050157 0.050157 0.050157
0.132692 0.074641 0.074639 0.074639 0.074639 0.074639 0.074638 0.047769 0.047769 0.047769 0.047769 0.047769 0.047769 0.047769 0.047769 0.037320
0.148430 0.083492 0.083492 0.083491 0.074215 0.053435 0.053435 0.053435 0.053435 0.053434 0.053434 0.041746 0.041746 0.041746 0.041746 0.039290
0.151615 0.151615 0.075807 0.054581 0.054581 0.054581 0.054581 0.054581 0.054581 0.042642 0.042642 0.042641 0.042641 0.042641 0.040133 0.040133
0.146359 0.082329 0.082327 0.082326 0.073180 0.052689 0.052689 0.052689 0.052689 0.052689 0.052689 0.052689 0.041164 0.041164 0.041164 0.041164
0.133801 0.075265 0.075263 0.075263 0.075263 0.075262 0.066901 0.048169 0.048169 0.048168 0.048168 0.048168 0.048168 0.048168 0.048168 0.037632
0.141793 0.079760 0.079759 0.079759 0.079759 0.051046 0.051046 0.051046 0.051046 0.051046 0.051046 0.051046 0.051045 0.051045 0.039880 0.039880
0.127206 0.127206 0.071554 0.071554 0.071554 0.071554 0.071554 0.071553 0.045794 0.045794 0.045794 0.035777 0.035777 0.035777 0.035777 0.035777
0.121581 0.121581 0.121581 0.068389 0.068388 0.060790 0.043769 0.043769 0.043769 0.043769 0.043769 0.043769 0.043769 0.043769 0.043769 0.043769
0.138720 0.078030 0.078030 0.078029 0.069360 0.069360 0.049939 0.049939 0.049939 0.049939 0.049939 0.049939 0.049939 0.049939 0.049939 0.039015
0.079760 0.079759 0.079759 0.079759 0.079758 0.070897 0.070897 0.051046 0.051046 0.051046 0.051046 0.051046 0.051046 0.051046 0.051046 0.051046
0.141467 0.079577 0.079575 0.079575 0.070734 0.050929 0.050929 0.050928 0.050928 0.050928 0.050928 0.050928 0.050928 0.050928 0.050928 0.039788
0.119118 0.119118 0.067005 0.067004 0.067004 0.067004 0.067004 0.067003 0.059559 0.042883 0.042883 0.042883 0.042883 0.042883 0.042883 0.042883
0.133222 0.133222 0.074938 0.074938 0.066611 0.047960 0.047960 0.047960 0.047960 0.047960 0.047960 0.047960 0.047960 0.047960 0.047960 0.037469
0.134930 0.075898 0.075898 0.075898 0.075897 0.067465 0.067465 0.048575 0.048575 0.048575 0.048575 0.048575 0.048575 0.048575 0.048575 0.037949
0.121840 0.121840 0.121840 0.068535 0.068534 0.060920 0.060920 0.043862 0.043862 0.043862 0.043862 0.043862 0.043862 0.043862 0.034267 0.034267
0.140573 0.079072 0.079072 0.079072 0.079072 0.070286 0.050606 0.050606 0.050606 0.050606 0.050606 0.050606 0.050606 0.039536 0.039536 0.039536
0.136054 0.076532 0.076530 0.076530 0.076530 0.068027 0.048980 0.048980 0.048980 0.048980 0.048979 0.048979 0.048979 0.048979 0.048979 0.048979
0.139909 0.078699 0.078699 0.078698 0.069955 0.050368 0.050368 0.050367 0.050367 0.050367 0.050367 0.050367 0.050367 0.050367 0.050367 0.050367
0.127388 0.127388 0.071657 0.071656 0.071656 0.071655 0.045860 0.045860 0.045860 0.045860 0.045860 0.045860 0.045860 0.045860 0.045860 0.045859
0.126143 0.126143 0.070956 0.070956 0.070955 0.063072 0.063072 0.045412 0.045412 0.045412 0.045412 0.045412 0.045412 0.045412 0.045412 0.045411
0.136055 0.076531 0.076531 0.076531 0.076530 0.068027 0.048980 0.048980 0.048980 0.048980 0.048980 0.048980 0.048980 0.048980 0.048980 0.048980
0.123001 0.123001 0.069188 0.069188 0.069188 0.069188 0.061501 0.061501 0.044281 0.044281 0.044281 0.044280 0.044280 0.044280 0.044280 0.044280
0.131839 0.131839 0.074161 0.074159 0.065919 0.047463 0.047463 0.047462 0.047462 0.047462 0.047462 0.047462 0.047462 0.047462 0.047462 0.047462
0.136054 0.076532 0.076530 0.076530 0.076530 0.068027 0.048980 0.048980 0.048979 0.048979 0.048979 0.048979 0.048979 0.048979 0.048979 0.048979
0.115875 0.115875 0.115875 0.065180 0.065180 0.065180 0.065180 0.057937 0.041715 0.041715 0.041715 0.041715 0.041715 0.041715 0.041715 0.041715
0.133511 0.075100 0.075100 0.075100 0.075100 0.066756 0.066756 0.048064 0.048064 0.048064 0.048064 0.048064 0.048064 0.048064 0.048064 0.048064
0.159489 0.089713 0.079745 0.057417 0.057417 0.057416 0.057416 0.057416 0.057416 0.057416 0.044857 0.044857 0.044857 0.044856 0.044856 0.044856
0.132406 0.074480 0.074478 0.074478 0.074478 0.074478 0.066203 0.047667 0.047666 0.047666 0.047666 0.047666 0.047666 0.047666 0.047666 0.047666
0.093208 0.093206 0.093206 0.082850 0.059653 0.059652 0.059652 0.059652 0.059652 0.059652 0.046603 0.046603 0.046603 0.046603 0.046603 0.046603
0.137860 0.137860 0.077546 0.077546 0.077546 0.049630 0.049629 0.049629 0.049629 0.049629 0.049629 0.038773 0.038773 0.038773 0.038773 0.038773
0.144692 0.081389 0.081389 0.081389 0.072346 0.052089 0.052089 0.052089 0.052089 0.052089 0.052089 0.052089 0.052089 0.040695 0.040695 0.040695
0.135227 0.076065 0.076065 0.076065 0.076065 0.076064 0.067613 0.048682 0.048682 0.048682 0.048682 0.048682 0.048682 0.048681 0.038032 0.038032
0.139348 0.078385 0.078383 0.078383 0.078383 0.078383 0.050166 0.050165 0.050165 0.050165 0.050165 0.050165 0.050165 0.039192 0.039192 0.039192
0.146708 0.082525 0.082523 0.082523 0.082522 0.052815 0.052815 0.052815 0.052815 0.052815 0.052815 0.041262 0.041262 0.041262 0.041262 0.041262
0.134930 0.075900 0.075898 0.075898 0.075898 0.067465 0.067465 0.048575 0.048575 0.048575 0.048575 0.048575 0.048575 0.048575 0.048574 0.037949
0.117803 0.117803 0.117803 0.066264 0.066264 0.066264 0.058902 0.058902 0.042409 0.042409 0.042409 0.042409 0.042409 0.042409 0.042409 0.033132
0.123954 0.123954 0.123954 0.069724 0.069724 0.061977 0.044624 0.044624 0.044624 0.044624 0.044624 0.044624 0.044624 0.044624 0.034862 0.034862
0.149059 0.083846 0.083846 0.074530 0.053661 0.053661 0.053661 0.053661 0.053661 0.053661 0.053661 0.053661 0.053661 0.041923 0.041923 0.041923
0.140253 0.078892 0.078892 0.078891 0.070126 0.070126 0.050491 0.050491 0.050491 0.050491 0.050491 0.050491 0.050491 0.050491 0.039446 0.039446
0.143061 0.080472 0.080472 0.080472 0.071531 0.051503 0.051502 0.051502 0.051502 0.051502 0.051502 0.051502 0.051502 0.051502 0.040236 0.040236
0.120919 0.120919 0.120919 0.068018 0.068017 0.068017 0.060459 0.043531 0.043531 0.043531 0.043531 0.043531 0.043531 0.043531 0.034009 0.034009
0.119778 0.119778 0.119778 0.067377 0.067375 0.067375 0.059889 0.043121 0.043121 0.043120 0.043120 0.043120 0.043120 0.043120 0.043120 0.033688
0.136054 0.076531 0.076531 0.076531 0.076530 0.068027 0.048980 0.048980 0.048980 0.048980 0.048980 0.048980 0.048980 0.048980 0.048980 0.048979
0.133222 0.133222 0.074938 0.074937 0.066611 0.047960 0.047960 0.047960 0.047960 0.047960 0.047960 0.047960 0.047960 0.047960 0.047960 0.037469
0.131839 0.131839 0.074160 0.074159 0.065920 0.047462 0.047462 0.047462 0.047462 0.047462 0.047462 0.047462 0.047462 0.047462 0.047462 0.047462
0.132144 0.132144 0.074332 0.074331 0.066072 0.066072 0.047572 0.047572 0.047572 0.047572 0.047572 0.047572 0.047572 0.047572 0.037166 0.037165
0.144691 0.081389 0.081389 0.081389 0.072346 0.052090 0.052090 0.052089 0.052089 0.052089 0.052089 0.052089 0.052089 0.040695 0.040695 0.040694
0.131839 0.131839 0.074159 0.074159 0.065920 0.047463 0.047462 0.047462 0.047462 0.047462 0.047462 0.047462 0.047462 0.047462 0.047462 0.047462
0.141468 0.079577 0.079576 0.079575 0.070734 0.050929 0.050928 0.050928 0.050928 0.050928 0.050928 0.050928 0.050928 0.050928 0.050928 0.039788
0.134341 0.134341 0.075566 0.067171 0.067171 0.048363 0.048363 0.048363 0.048363 0.048363 0.048363 0.048363 0.048363 0.048362 0.048362 0.037783
0.118659 0.118659 0.118659 0.066746 0.066746 0.066746 0.059330 0.042717 0.042717 0.042717 0.042717 0.042717 0.042717 0.042717 0.042717 0.042717
0.149812 0.084270 0.084270 0.084270 0.074906 0.053932 0.053932 0.053932 0.053932 0.053932 0.042135 0.042135 0.042135 0.042135 0.042135 0.042135
0.086058 0.086058 0.086058 0.086058 0.086058 0.055078 0.055077 0.055077 0.055077 0.055077 0.055077 0.055077 0.055077 0.043030 0.043030 0.043030
0.147806 0.083141 0.083141 0.083141 0.083140 0.073903 0.053210 0.053210 0.053210 0.041570 0.041570 0.041570 0.041570 0.041570 0.039125 0.039125
0.076872 0.076870 0.076870 0.076870 0.076870 0.076870 0.076870 0.068329 0.049198 0.049197 0.049197 0.049197 0.049197 0.049197 0.049197 0.049197
0.079945 0.079943 0.079943 0.079943 0.079943 0.079942 0.071060 0.051164 0.051164 0.051164 0.051164 0.051164 0.051164 0.051164 0.051163 0.039972
0.137528 0.077361 0.077359 0.077359 0.077359 0.068764 0.049511 0.049510 0.049510 0.049510 0.049510 0.049510 0.049510 0.049510 0.049510 0.038680
0.138169 0.077720 0.077720 0.077720 0.077720 0.077720 0.069085 0.049741 0.049741 0.049741 0.049741 0.049741 0.038860 0.038860 0.038860 0.038860
0.133824 0.133824 0.075276 0.075276 0.075276 0.066912 0.048177 0.048177 0.048177 0.048177 0.048177 0.048176 0.037638 0.037638 0.037638 0.037638
0.119118 0.119118 0.067005 0.067004 0.067004 0.067004 0.067004 0.067004 0.059559 0.042883 0.042883 0.042883 0.042883 0.042883 0.042883 0.042883
0.123001 0.123001 0.069188 0.069188 0.069188 0.069188 0.061501 0.061501 0.044281 0.044281 0.044280 0.044280 0.044280 0.044280 0.044280 0.044280
0.123001 0.123001 0.069188 0.069188 0.069188 0.069188 0.061501 0.061501 0.044281 0.044281 0.044280 0.044280 0.044280 0.044280 0.044280 0.044280
0.127388 0.127388 0.071656 0.071656 0.071656 0.071655 0.045860 0.045860 0.045860 0.045860 0.045860 0.045860 0.045860 0.045860 0.045860 0.045860
0.120012 0.120012 0.067507 0.067507 0.067507 0.067507 0.067506 0.060006 0.060006 0.043205 0.043205 0.043204 0.043204 0.043204 0.043204 0.043204
0.122063 0.122063 0.068660 0.068660 0.068660 0.068660 0.068660 0.061031 0.043943 0.043943 0.043943 0.043943 0.043943 0.043943 0.043943 0.043942
0.120012 0.120012 0.067508 0.067507 0.067507 0.067507 0.067507 0.060006 0.060006 0.043204 0.043204 0.043204 0.043204 0.043204 0.043204 0.043204
0.136054 0.076532 0.076530 0.076530 0.076530 0.068027 0.048980 0.048980 0.048980 0.048979 0.048979 0.048979 0.048979 0.048979 0.048979 0.048979
0.123001 0.123001 0.069188 0.069188 0.069188 0.069188 0.061501 0.061501 0.044280 0.044280 0.044280 0.044280 0.044280 0.044280 0.044280 0.044280
0.114025 0.114025 0.114025 0.064139 0.064139 0.064139 0.064138 0.057013 0.057013 0.041049 0.041049 0.041049 0.041049 0.041049 0.041049 0.041049
0.136054 0.076532 0.076530 0.076530 0.076530 0.068027 0.048980 0.048980 0.048980 0.048979 0.048979 0.048979 0.048979 0.048979 0.048979 0.048979
0.114025 0.114025 0.114025 0.064140 0.064139 0.064139 0.064138 0.057012 0.057012 0.041050 0.041049 0.041049 0.041049 0.041049 0.041049 0.041049
0.128411 0.128411 0.072232 0.072231 0.072230 0.064205 0.046228 0.046228 0.046228 0.046228 0.046228 0.046228 0.046228 0.046228 0.046228 0.046228
0.119118 0.119118 0.067005 0.067004 0.067004 0.067004 0.067004 0.067003 0.059559 0.042883 0.042883 0.042883 0.042883 0.042883 0.042883 0.042883
0.123001 0.123001 0.069188 0.069188 0.069188 0.069188 0.061501 0.061501 0.044280 0.044280 0.044280 0.044280 0.044280 0.044280 0.044280 0.044280
0.121138 0.121138 0.068142 0.068140 0.068140 0.068140 0.068140 0.068140 0.043610 0.043610 0.043610 0.043610 0.043610 0.043610 0.043610 0.043610
0.082314 0.082312 0.082312 0.082312 0.082312 0.073166 0.052680 0.052680 0.052680 0.052680 0.052680 0.052680 0.052680 0.052679 0.052679 0.041156
0.126924 0.071395 0.071395 0.071395 0.071395 0.071395 0.071395 0.071394 0.063462 0.045693 0.045693 0.045693 0.045693 0.045693 0.045692 0.035697
0.129997 0.129997 0.073123 0.073123 0.073123 0.073123 0.046799 0.046799 0.046799 0.046799 0.046799 0.046799 0.046799 0.046799 0.036562 0.036562
0.121139 0.121139 0.068142 0.068140 0.068140 0.068140 0.068140 0.068140 0.043610 0.043610 0.043610 0.043610 0.043610 0.043610 0.043610 0.043610
0.123495 0.123495 0.069466 0.069466 0.069466 0.069466 0.069466 0.069465 0.044458 0.044458 0.044458 0.044458 0.044458 0.044458 0.034733 0.034733
0.089056 0.089056 0.089056 0.089055 0.079161 0.056996 0.056996 0.056996 0.056996 0.056996 0.056996 0.044528 0.044528 0.044528 0.044528 0.044528
0.120663 0.120663 0.120663 0.067874 0.067873 0.067873 0.043439 0.043439 0.043439 0.043439 0.043439 0.043439 0.043439 0.043439 0.043439 0.043439
0.128411 0.128411 0.072231 0.072231 0.072231 0.064205 0.046228 0.046228 0.046228 0.046228 0.046228 0.046228 0.046228 0.046228 0.046228 0.046228
0.131839 0.131839 0.074160 0.074159 0.065920 0.047462 0.047462 0.047462 0.047462 0.047462 0.047462 0.047462 0.047462 0.047462 0.047462 0.047462
0.125156 0.125156 0.070402 0.070400 0.070400 0.070400 0.062578 0.045057 0.045057 0.045056 0.045056 0.045056 0.045056 0.045056 0.045056 0.045056
0.124185 0.124185 0.069854 0.069854 0.069854 0.069854 0.069853 0.044707 0.044707 0.044707 0.044707 0.044707 0.044707 0.044707 0.044707 0.044707
0.127388 0.127388 0.071657 0.071656 0.071656 0.071655 0.045860 0.045860 0.045860 0.045860 0.045860 0.045860 0.045860 0.045860 0.045860 0.045860
0.136055 0.076531 0.076531 0.076531 0.076530 0.068027 0.048980 0.048980 0.048980 0.048980 0.048980 0.048980 0.048980 0.048980 0.048980 0.048980
0.115875 0.115875 0.115875 0.065180 0.065180 0.065180 0.065179 0.057937 0.041715 0.041715 0.041715 0.041715 0.041715 0.041715 0.041715 0.041715
