0.201911 0.201904 0.100954 0.067302 0.050477 0.050477 0.040381 0.040381 0.040381 0.040381 0.033651 0.033651 0.025238 0.025238 0.025238 0.022434
0.138568 0.138568 0.138565 0.069285 0.069285 0.069284 0.069283 0.046190 0.046189 0.034642 0.034642 0.034642 0.027714 0.027714 0.027714 0.027714
0.133929 0.133929 0.133926 0.066965 0.066965 0.066964 0.066964 0.066964 0.044643 0.044643 0.033482 0.033482 0.026786 0.026786 0.026786 0.026786
0.121707 0.121703 0.121703 0.121702 0.060853 0.060853 0.060852 0.060851 0.060851 0.040568 0.040568 0.030426 0.024341 0.024341 0.024341 0.024341
0.136367 0.136363 0.136361 0.068182 0.068182 0.068182 0.068181 0.068181 0.045455 0.034091 0.034091 0.027273 0.027273 0.027273 0.027273 0.027273
0.191187 0.191182 0.095592 0.095592 0.095591 0.038237 0.038237 0.038237 0.038237 0.031864 0.031864 0.023898 0.023898 0.023898 0.021243 0.021243
0.164386 0.164384 0.082193 0.082192 0.082192 0.082191 0.054795 0.041095 0.032877 0.032876 0.032876 0.032876 0.032876 0.027397 0.027397 0.027397
0.110094 0.110093 0.110091 0.110089 0.055047 0.055046 0.055046 0.055046 0.055046 0.055045 0.055045 0.036698 0.036697 0.036697 0.036697 0.027523
0.108110 0.108109 0.108107 0.108106 0.054055 0.054054 0.054054 0.054054 0.054054 0.054054 0.054053 0.054053 0.036036 0.036036 0.036036 0.027027
0.142182 0.142181 0.142178 0.071091 0.071090 0.071090 0.071090 0.047393 0.035545 0.035545 0.028436 0.028436 0.028436 0.028436 0.028436 0.028436
0.147421 0.147419 0.147419 0.073711 0.073710 0.073710 0.049140 0.036855 0.036855 0.036855 0.029484 0.029484 0.029484 0.029484 0.029484 0.029484
0.121953 0.121951 0.121949 0.060977 0.060976 0.060976 0.060975 0.060975 0.060975 0.060975 0.040651 0.040650 0.040650 0.030488 0.030488 0.024390
0.121215 0.121213 0.121209 0.060607 0.060606 0.060606 0.060606 0.060606 0.060605 0.060605 0.040404 0.040404 0.040403 0.030303 0.030303 0.030303
0.174421 0.087210 0.087209 0.087209 0.087209 0.087208 0.058139 0.043604 0.043604 0.034884 0.034884 0.034884 0.034884 0.034884 0.034884 0.034884
0.127121 0.127120 0.127115 0.063560 0.063560 0.063559 0.063559 0.063558 0.063558 0.042373 0.042372 0.031780 0.031780 0.031780 0.031780 0.025424
0.170943 0.170938 0.085471 0.085470 0.085469 0.056980 0.042735 0.034188 0.034188 0.034188 0.034188 0.034188 0.034188 0.034188 0.034188 0.028490
0.135137 0.135135 0.135132 0.067568 0.067568 0.067567 0.067567 0.045045 0.045045 0.045045 0.033784 0.033784 0.033784 0.033784 0.027027 0.027027
0.143885 0.143882 0.071944 0.071943 0.071942 0.071942 0.071942 0.047962 0.047962 0.047961 0.035972 0.035971 0.035971 0.035971 0.035971 0.028777
0.168070 0.168065 0.084035 0.084034 0.084033 0.084033 0.042017 0.033613 0.033613 0.033613 0.033613 0.033613 0.033613 0.028011 0.028011 0.028011
0.133040 0.133038 0.133036 0.066520 0.066519 0.066519 0.066519 0.066518 0.044346 0.044346 0.033259 0.033259 0.033259 0.026608 0.026607 0.026607
0.106197 0.106196 0.106194 0.106194 0.106192 0.053098 0.053098 0.053098 0.053097 0.053097 0.053097 0.035399 0.035398 0.026549 0.026549 0.026549
0.147062 0.147058 0.073530 0.073530 0.073529 0.073529 0.073528 0.049020 0.049019 0.049019 0.036765 0.036765 0.029412 0.029412 0.029412 0.029412
0.145987 0.145984 0.072994 0.072993 0.072993 0.072992 0.072992 0.048662 0.048662 0.048661 0.036496 0.036496 0.036496 0.029197 0.029197 0.029197
0.130721 0.130718 0.130716 0.065361 0.065360 0.065360 0.065359 0.065359 0.043573 0.043573 0.043573 0.032680 0.032680 0.032680 0.026144 0.026144
0.169494 0.169490 0.084747 0.084746 0.084745 0.056497 0.042373 0.042373 0.033898 0.033898 0.033898 0.033898 0.033898 0.033898 0.033898 0.028249
0.142183 0.142181 0.142178 0.071090 0.071090 0.071090 0.071089 0.047393 0.035545 0.035545 0.028436 0.028436 0.028436 0.028436 0.028436 0.028436
0.125003 0.124999 0.124997 0.062501 0.062501 0.062500 0.062500 0.062499 0.062499 0.041667 0.041667 0.041666 0.031250 0.031250 0.031250 0.031250
0.139860 0.139858 0.069931 0.069931 0.069931 0.069930 0.069930 0.069929 0.046621 0.046620 0.046620 0.034965 0.034965 0.034965 0.027972 0.027972
0.147061 0.147058 0.073530 0.073530 0.073529 0.073528 0.073528 0.049020 0.049020 0.049019 0.036765 0.036765 0.029412 0.029412 0.029412 0.029412
0.143197 0.143197 0.071600 0.071600 0.071599 0.071599 0.071598 0.047733 0.047733 0.047732 0.047732 0.035800 0.035800 0.035800 0.028640 0.028640
0.160429 0.160426 0.080214 0.080214 0.080214 0.080213 0.053476 0.040107 0.040107 0.032086 0.032086 0.032086 0.032086 0.032085 0.032085 0.032085
0.133931 0.133930 0.133927 0.066965 0.066964 0.066964 0.066963 0.066963 0.044643 0.044643 0.033482 0.033482 0.026786 0.026786 0.026786 0.026786
0.128482 0.128479 0.128479 0.064241 0.064240 0.064240 0.064239 0.064239 0.042827 0.042827 0.042826 0.042826 0.032120 0.032120 0.032120 0.025696
0.110094 0.110093 0.110091 0.110089 0.055047 0.055046 0.055046 0.055046 0.055046 0.055045 0.055045 0.036698 0.036697 0.036697 0.036697 0.027523
0.131007 0.131004 0.131002 0.065503 0.065503 0.065502 0.065501 0.065501 0.043669 0.043668 0.043668 0.043668 0.026201 0.026201 0.026201 0.026201
0.123459 0.123456 0.123456 0.123454 0.061729 0.061729 0.061729 0.061728 0.041153 0.041152 0.041152 0.030864 0.030864 0.024692 0.024691 0.024691
0.176908 0.176903 0.176903 0.088453 0.088451 0.044226 0.035381 0.035381 0.029484 0.029484 0.022113 0.019656 0.019656 0.019656 0.019656 0.017690
0.171426 0.085715 0.085715 0.085714 0.085714 0.085714 0.057143 0.057143 0.042857 0.042857 0.034286 0.034286 0.034286 0.034286 0.034286 0.028572
0.160000 0.160000 0.159998 0.080000 0.053334 0.053333 0.040000 0.040000 0.040000 0.032000 0.032000 0.032000 0.032000 0.032000 0.026667 0.026667
0.115166 0.115165 0.115163 0.115163 0.115160 0.057583 0.057581 0.057581 0.057581 0.038387 0.028791 0.028791 0.028791 0.023033 0.023033 0.023033
0.114945 0.114944 0.114942 0.114940 0.057472 0.057472 0.057472 0.057471 0.057471 0.057470 0.038314 0.038314 0.038314 0.028736 0.028736 0.022989
0.175185 0.175181 0.087592 0.087591 0.087590 0.058394 0.043796 0.035037 0.035037 0.035037 0.035036 0.035036 0.029197 0.029197 0.029197 0.021898
0.147061 0.147057 0.073530 0.073530 0.073530 0.073529 0.073529 0.049020 0.049020 0.049019 0.036765 0.036764 0.029412 0.029412 0.029412 0.029411
0.100002 0.100001 0.099999 0.099999 0.099998 0.050001 0.050001 0.050000 0.050000 0.050000 0.050000 0.050000 0.049999 0.033334 0.033333 0.033333
0.131007 0.131005 0.131003 0.131003 0.065503 0.065502 0.065502 0.043668 0.032751 0.032751 0.032751 0.032751 0.026201 0.026201 0.026201 0.026201
0.098363 0.098361 0.098361 0.098360 0.098358 0.049181 0.049181 0.049181 0.049181 0.049180 0.049180 0.049180 0.049180 0.049179 0.032787 0.032787
0.113210 0.113207 0.113205 0.056605 0.056605 0.056604 0.056604 0.056603 0.056603 0.056603 0.056603 0.056603 0.037736 0.037736 0.037736 0.037736
0.096776 0.096775 0.096775 0.096773 0.096771 0.048388 0.048388 0.048388 0.048387 0.048387 0.048387 0.048387 0.048387 0.048386 0.048386 0.032258
0.098362 0.098362 0.098360 0.098360 0.098358 0.049181 0.049181 0.049181 0.049181 0.049180 0.049180 0.049180 0.049180 0.049180 0.032787 0.032787
0.105265 0.105263 0.105263 0.105261 0.052632 0.052632 0.052632 0.052632 0.052632 0.052631 0.052631 0.052631 0.052631 0.035088 0.035088 0.035088
0.136056 0.136055 0.136053 0.068028 0.068027 0.068027 0.068027 0.045352 0.045352 0.045351 0.034013 0.034013 0.034013 0.027211 0.027211 0.027211
0.096776 0.096775 0.096774 0.096773 0.096772 0.048388 0.048388 0.048387 0.048387 0.048387 0.048387 0.048387 0.048387 0.048386 0.048386 0.032259
0.107145 0.107144 0.107142 0.107140 0.053572 0.053572 0.053572 0.053572 0.053571 0.053571 0.053570 0.053570 0.035715 0.035715 0.035714 0.035714
0.102566 0.102565 0.102565 0.102563 0.102562 0.051283 0.051282 0.051282 0.051282 0.051282 0.051281 0.051281 0.034188 0.034188 0.034188 0.025641
0.113210 0.113209 0.113207 0.113205 0.056605 0.056604 0.056604 0.056603 0.056603 0.056603 0.037736 0.037736 0.037736 0.037735 0.028302 0.028302
0.103450 0.103449 0.103448 0.103446 0.051725 0.051725 0.051724 0.051724 0.051724 0.051724 0.051724 0.051724 0.051723 0.051723 0.034483 0.034483
0.121215 0.121211 0.121209 0.060607 0.060607 0.060607 0.060606 0.060606 0.060606 0.060605 0.040404 0.040404 0.040404 0.030303 0.030303 0.030303
0.098362 0.098362 0.098360 0.098360 0.098358 0.049181 0.049181 0.049181 0.049181 0.049180 0.049180 0.049180 0.049180 0.049180 0.032787 0.032787
0.096776 0.096775 0.096775 0.096773 0.096771 0.048388 0.048388 0.048388 0.048387 0.048387 0.048387 0.048387 0.048387 0.048386 0.048386 0.032258
0.105266 0.105263 0.105263 0.105261 0.052633 0.052632 0.052632 0.052632 0.052631 0.052631 0.052631 0.052631 0.052631 0.035088 0.035088 0.035088
0.111113 0.111112 0.111110 0.111108 0.055556 0.055556 0.055556 0.055556 0.055556 0.055555 0.055555 0.037038 0.037037 0.037036 0.027778 0.027778
0.103451 0.103449 0.103447 0.103446 0.051725 0.051725 0.051724 0.051724 0.051724 0.051724 0.051724 0.051724 0.051723 0.051723 0.034483 0.034483
0.120243 0.120240 0.120240 0.120237 0.060121 0.060121 0.060121 0.060120 0.060119 0.040081 0.040080 0.030060 0.030060 0.030060 0.024048 0.024048
0.128482 0.128479 0.128477 0.064241 0.064240 0.064240 0.064239 0.064239 0.042827 0.042827 0.042826 0.042826 0.032120 0.032120 0.032120 0.025696
0.132450 0.132450 0.132448 0.066226 0.066226 0.066226 0.066225 0.066225 0.044150 0.044150 0.044150 0.033113 0.026490 0.026490 0.026490 0.026490
0.169013 0.169013 0.084508 0.084508 0.084507 0.056339 0.042254 0.042254 0.042253 0.033803 0.033803 0.033803 0.033803 0.033803 0.028169 0.028169
0.110094 0.110093 0.110091 0.110091 0.110089 0.055047 0.055046 0.055046 0.055045 0.036698 0.036697 0.036697 0.036697 0.027523 0.027523 0.027523
0.149256 0.149253 0.149251 0.074628 0.074626 0.049752 0.049751 0.049751 0.037314 0.037314 0.029851 0.029851 0.029851 0.029851 0.029851 0.029851
0.202018 0.101011 0.101011 0.101010 0.050505 0.050505 0.050505 0.040404 0.040404 0.040404 0.040404 0.040404 0.040404 0.033670 0.033670 0.033670
0.157069 0.157066 0.078535 0.078534 0.078534 0.078534 0.052357 0.052356 0.039267 0.039267 0.031414 0.031414 0.031414 0.031414 0.031414 0.031413
0.131292 0.131290 0.065647 0.065646 0.065646 0.065645 0.065645 0.065645 0.065644 0.043764 0.043764 0.043764 0.043763 0.043763 0.032823 0.026258
0.113208 0.113208 0.113206 0.056604 0.056604 0.056604 0.056604 0.056604 0.056604 0.056604 0.056603 0.056603 0.037736 0.037736 0.037736 0.037736
0.100001 0.100001 0.099999 0.099999 0.099997 0.050001 0.050001 0.050001 0.050000 0.050000 0.050000 0.050000 0.050000 0.033334 0.033334 0.033334
0.095240 0.095239 0.095239 0.095237 0.095237 0.095236 0.047620 0.047620 0.047619 0.047619 0.047619 0.047619 0.047618 0.031746 0.031746 0.031746
0.129035 0.129029 0.064517 0.064517 0.064517 0.064516 0.064516 0.064516 0.064515 0.064515 0.043011 0.043011 0.043011 0.032258 0.032258 0.032258
0.123714 0.123713 0.123708 0.061856 0.061856 0.061856 0.061855 0.061855 0.061855 0.041237 0.041237 0.041237 0.041237 0.030928 0.030928 0.030928
0.116506 0.116505 0.116505 0.058253 0.058253 0.058253 0.058252 0.058252 0.058252 0.058252 0.058251 0.038835 0.038835 0.038834 0.038834 0.029126
0.118814 0.118813 0.118811 0.059407 0.059407 0.059406 0.059406 0.059405 0.059405 0.059405 0.039604 0.039604 0.039604 0.039604 0.039603 0.029703
0.113210 0.113208 0.113204 0.056605 0.056605 0.056604 0.056604 0.056604 0.056604 0.056603 0.056603 0.056603 0.037736 0.037736 0.037736 0.037736
0.093752 0.093751 0.093751 0.093749 0.093749 0.093748 0.046876 0.046875 0.046875 0.046875 0.046875 0.046875 0.046874 0.046874 0.031250 0.031250
0.113210 0.113207 0.113205 0.056605 0.056604 0.056604 0.056604 0.056604 0.056604 0.056603 0.056603 0.056603 0.037736 0.037736 0.037736 0.037736
0.124742 0.124739 0.124739 0.062371 0.062371 0.062370 0.062370 0.062370 0.062370 0.062369 0.041580 0.041580 0.031185 0.024948 0.024948 0.024948
0.111113 0.111112 0.111108 0.055556 0.055556 0.055556 0.055556 0.055556 0.055555 0.055555 0.055555 0.055555 0.055555 0.037038 0.037037 0.037037
0.101697 0.101696 0.101694 0.101694 0.101693 0.050848 0.050848 0.050848 0.050848 0.050847 0.050847 0.050847 0.033899 0.033899 0.033898 0.033898
0.131581 0.131580 0.131577 0.065790 0.065789 0.065789 0.065789 0.065789 0.043860 0.043860 0.043859 0.032895 0.032895 0.026316 0.026316 0.026316
0.126318 0.126316 0.126314 0.063159 0.063158 0.063158 0.063158 0.063158 0.063157 0.042106 0.042105 0.031579 0.031579 0.031579 0.031579 0.031579
0.101697 0.101696 0.101696 0.101694 0.101692 0.050848 0.050848 0.050848 0.050847 0.050847 0.050847 0.050847 0.033899 0.033898 0.033898 0.033898
0.103450 0.103449 0.103447 0.103447 0.103446 0.051725 0.051725 0.051725 0.051724 0.051724 0.051723 0.034483 0.034483 0.034483 0.034483 0.034482
0.123205 0.123204 0.123204 0.061602 0.061602 0.061602 0.061601 0.061601 0.061601 0.061601 0.041068 0.041067 0.030801 0.030801 0.030801 0.024641
0.133039 0.133036 0.133036 0.066520 0.066520 0.066519 0.066519 0.066519 0.044346 0.044346 0.033259 0.033259 0.033259 0.026608 0.026608 0.026608
0.107144 0.107144 0.107142 0.107140 0.053572 0.053572 0.053572 0.053572 0.053572 0.053571 0.053571 0.053571 0.035715 0.035715 0.035714 0.035714
0.127662 0.127661 0.063831 0.063830 0.063830 0.063829 0.063829 0.063829 0.063829 0.042554 0.042553 0.042553 0.042553 0.042553 0.042553 0.042553
0.107144 0.107144 0.107142 0.107142 0.053572 0.053572 0.053572 0.053572 0.053571 0.053571 0.053571 0.053571 0.035715 0.035714 0.035714 0.035714
0.103450 0.103448 0.103448 0.103446 0.051725 0.051725 0.051725 0.051724 0.051724 0.051724 0.051724 0.051724 0.051723 0.051723 0.034483 0.034483
0.109092 0.109092 0.109090 0.109088 0.054546 0.054546 0.054546 0.054546 0.054546 0.054545 0.054545 0.036364 0.036364 0.036364 0.036364 0.036363
0.096776 0.096775 0.096775 0.096773 0.096772 0.048388 0.048388 0.048387 0.048387 0.048387 0.048387 0.048387 0.048387 0.048386 0.048386 0.032258
0.152672 0.152672 0.076337 0.076336 0.076335 0.076335 0.050891 0.050891 0.050890 0.038168 0.038168 0.038168 0.030534 0.030534 0.030534 0.030534
0.131293 0.131288 0.065647 0.065647 0.065646 0.065646 0.065645 0.065645 0.065645 0.043764 0.043764 0.043764 0.043763 0.043763 0.032823 0.026258
0.098362 0.098362 0.098362 0.098360 0.098358 0.049181 0.049181 0.049181 0.049181 0.049180 0.049180 0.049180 0.049180 0.049179 0.032787 0.032787
0.115386 0.115385 0.115385 0.115383 0.057693 0.057693 0.057693 0.057692 0.057692 0.057691 0.038462 0.038462 0.028846 0.028846 0.028846 0.028846
0.175954 0.175951 0.087978 0.087977 0.087976 0.043988 0.035191 0.035191 0.035191 0.035191 0.035190 0.035190 0.035190 0.035190 0.029326 0.029325
0.154641 0.154638 0.077321 0.077320 0.077318 0.077318 0.051547 0.051546 0.038660 0.038660 0.038660 0.038660 0.030928 0.030928 0.030928 0.030928
0.127934 0.127931 0.127930 0.063967 0.063966 0.063966 0.063966 0.063965 0.063965 0.042644 0.042644 0.031983 0.031983 0.031983 0.025586 0.025586
0.110094 0.110093 0.110091 0.110089 0.055047 0.055046 0.055046 0.055046 0.055046 0.055045 0.055045 0.036698 0.036697 0.036697 0.036697 0.027523
0.116507 0.116504 0.116502 0.058253 0.058253 0.058253 0.058253 0.058252 0.058252 0.058252 0.058252 0.038835 0.038835 0.038835 0.038835 0.029126
0.137300 0.137298 0.068651 0.068650 0.068650 0.068650 0.068649 0.068649 0.045767 0.045767 0.045767 0.045766 0.034325 0.034325 0.034325 0.027460
0.188086 0.094044 0.094044 0.094043 0.062696 0.062696 0.047022 0.047022 0.047022 0.037618 0.037618 0.037618 0.037618 0.037618 0.037618 0.037618
0.152674 0.152672 0.152670 0.076337 0.076336 0.076336 0.038168 0.038168 0.038168 0.030534 0.030534 0.030534 0.030534 0.025445 0.025445 0.025445
0.117190 0.117189 0.117187 0.117184 0.058595 0.058594 0.058594 0.058594 0.058593 0.058593 0.039063 0.029297 0.029297 0.029297 0.029297 0.023438
0.124484 0.124483 0.124480 0.124480 0.062241 0.062240 0.062240 0.041494 0.041494 0.041493 0.041493 0.031120 0.031120 0.031120 0.031120 0.024896
0.129034 0.129031 0.064517 0.064517 0.064517 0.064516 0.064516 0.064516 0.064515 0.064515 0.043011 0.043011 0.043010 0.032258 0.032258 0.032258
0.124225 0.124223 0.124223 0.124221 0.062113 0.062112 0.062112 0.062111 0.041408 0.041408 0.041408 0.031056 0.024845 0.024845 0.024845 0.024845
0.179643 0.179642 0.089820 0.089819 0.059880 0.044910 0.044910 0.035928 0.035928 0.035928 0.035928 0.035928 0.035928 0.035928 0.029940 0.029940
0.153847 0.153847 0.076923 0.076923 0.076923 0.076922 0.051283 0.051282 0.051282 0.038461 0.038461 0.030769 0.030769 0.030769 0.030769 0.030769
0.142856 0.071430 0.071430 0.071429 0.071429 0.071428 0.071428 0.071428 0.047619 0.047619 0.047619 0.047619 0.047619 0.047618 0.035714 0.035714
0.120002 0.120001 0.120001 0.060001 0.060000 0.060000 0.060000 0.059999 0.059999 0.040000 0.040000 0.040000 0.040000 0.040000 0.039999 0.039999
0.098363 0.098362 0.098362 0.098360 0.098360 0.098358 0.049181 0.049181 0.049180 0.049180 0.049179 0.032787 0.032787 0.032787 0.032787 0.032787
0.107145 0.107144 0.107142 0.107140 0.053572 0.053572 0.053572 0.053571 0.053571 0.053571 0.053571 0.053571 0.035715 0.035715 0.035714 0.035714
0.127120 0.127118 0.127116 0.063560 0.063560 0.063560 0.063559 0.063558 0.042373 0.042373 0.042373 0.042373 0.042372 0.031780 0.031780 0.025424
0.143886 0.143886 0.143883 0.071943 0.071943 0.071942 0.071942 0.035971 0.035971 0.035971 0.028777 0.028777 0.028777 0.028777 0.028777 0.028777
0.133633 0.133632 0.133627 0.066816 0.066816 0.066815 0.066814 0.044544 0.044543 0.044543 0.044543 0.033408 0.033408 0.033408 0.026726 0.026726
0.105265 0.105264 0.105264 0.105262 0.105260 0.052632 0.052632 0.052632 0.052631 0.052631 0.035088 0.035088 0.035088 0.035087 0.035087 0.035087
0.105264 0.105263 0.105263 0.105261 0.052632 0.052632 0.052632 0.052632 0.052632 0.052631 0.052631 0.052631 0.052631 0.035088 0.035088 0.035088
0.117648 0.117648 0.117646 0.058824 0.058824 0.058824 0.058824 0.058823 0.058823 0.058822 0.039216 0.039216 0.039216 0.039216 0.039215 0.039215
0.126318 0.126315 0.063159 0.063158 0.063158 0.063158 0.063157 0.063157 0.063157 0.063157 0.042106 0.042106 0.042105 0.042105 0.042105 0.031579
0.115387 0.115385 0.115385 0.057693 0.057693 0.057692 0.057692 0.057692 0.057692 0.057691 0.057691 0.038462 0.038461 0.038461 0.038461 0.038461
0.124999 0.124999 0.062501 0.062501 0.062501 0.062500 0.062500 0.062499 0.062499 0.062499 0.041667 0.041667 0.041667 0.041667 0.041667 0.041666
0.113209 0.113209 0.113207 0.056604 0.056604 0.056604 0.056604 0.056604 0.056603 0.056603 0.056603 0.056603 0.037736 0.037736 0.037736 0.037736
0.107145 0.107144 0.107142 0.107142 0.053572 0.053572 0.053572 0.053572 0.053571 0.053571 0.053571 0.053570 0.035714 0.035714 0.035714 0.035714
0.107145 0.107144 0.107142 0.107140 0.053572 0.053572 0.053572 0.053571 0.053571 0.053571 0.053571 0.053570 0.035715 0.035715 0.035714 0.035714
0.107145 0.107144 0.107142 0.107140 0.053572 0.053572 0.053572 0.053571 0.053571 0.053571 0.053571 0.053570 0.035715 0.035715 0.035714 0.035714
0.096776 0.096775 0.096775 0.096773 0.096773 0.096772 0.048388 0.048388 0.048387 0.048387 0.048387 0.048386 0.032258 0.032258 0.032258 0.032258
0.136055 0.136055 0.136053 0.068028 0.068027 0.068027 0.068026 0.045352 0.045352 0.045351 0.034014 0.034014 0.034013 0.027211 0.027211 0.027211
0.126315 0.126315 0.063159 0.063159 0.063159 0.063158 0.063158 0.063157 0.063157 0.063157 0.042106 0.042105 0.042105 0.042105 0.042105 0.031579
0.117649 0.117648 0.117646 0.058824 0.058824 0.058823 0.058823 0.058823 0.058822 0.058822 0.039216 0.039216 0.039216 0.039216 0.039216 0.039215
0.106197 0.106196 0.106194 0.106194 0.106192 0.053098 0.053098 0.053097 0.053097 0.053097 0.035399 0.035399 0.035398 0.035398 0.035398 0.026549
0.092309 0.092309 0.092309 0.092307 0.092307 0.092306 0.046155 0.046155 0.046154 0.046154 0.046154 0.046154 0.046154 0.046153 0.046153 0.030770
0.116055 0.116055 0.116055 0.116052 0.058028 0.058028 0.058027 0.058027 0.058027 0.058027 0.038685 0.038684 0.029013 0.029013 0.029013 0.023211
0.131871 0.131869 0.065935 0.065934 0.065934 0.065933 0.065933 0.065933 0.043957 0.043956 0.043956 0.043956 0.043956 0.043956 0.043955 0.032967
0.122448 0.122448 0.061225 0.061225 0.061225 0.061225 0.061225 0.061225 0.061225 0.061224 0.061224 0.040817 0.040817 0.040816 0.040816 0.040816
0.100001 0.100001 0.099999 0.099999 0.099998 0.050000 0.050000 0.050000 0.050000 0.050000 0.050000 0.049999 0.049999 0.033334 0.033334 0.033334
0.113210 0.113207 0.113205 0.056605 0.056604 0.056604 0.056604 0.056604 0.056604 0.056603 0.056603 0.056603 0.037736 0.037736 0.037736 0.037736
0.141178 0.141175 0.141175 0.070589 0.070589 0.070589 0.070588 0.047059 0.035294 0.035294 0.035294 0.028235 0.028235 0.028235 0.028235 0.028235
0.123713 0.123711 0.123708 0.061857 0.061856 0.061856 0.061856 0.061855 0.061855 0.041238 0.041238 0.041237 0.041237 0.030928 0.030928 0.030928
0.100002 0.100001 0.099999 0.099998 0.050001 0.050001 0.050001 0.050000 0.050000 0.050000 0.050000 0.050000 0.050000 0.050000 0.049999 0.049999
0.160001 0.159998 0.080001 0.080000 0.080000 0.053334 0.053334 0.053334 0.040000 0.040000 0.040000 0.032000 0.032000 0.032000 0.032000 0.032000
0.140514 0.070259 0.070258 0.070258 0.070258 0.070258 0.070257 0.070256 0.070256 0.046839 0.046839 0.046838 0.046838 0.046838 0.035129 0.028103
0.107145 0.107144 0.107141 0.107141 0.053572 0.053572 0.053572 0.053572 0.053572 0.053571 0.053571 0.053570 0.035715 0.035714 0.035714 0.035714
0.125003 0.125000 0.124997 0.062501 0.062501 0.062500 0.062500 0.062499 0.062499 0.041667 0.041667 0.041666 0.031250 0.031250 0.031250 0.031250
0.114288 0.114287 0.114285 0.114283 0.057143 0.057143 0.057143 0.057143 0.057142 0.057142 0.038096 0.038095 0.038095 0.028572 0.028572 0.028571
0.108698 0.108697 0.108695 0.108695 0.108693 0.054348 0.054348 0.054348 0.054347 0.054347 0.036232 0.036232 0.036232 0.027174 0.027174 0.021739
0.110297 0.110296 0.110294 0.110294 0.110292 0.055148 0.055148 0.055147 0.055146 0.055146 0.036765 0.036764 0.027574 0.027574 0.022059 0.022059
0.106197 0.106196 0.106194 0.106194 0.106192 0.053098 0.053098 0.053098 0.053097 0.053097 0.035399 0.035399 0.035398 0.035398 0.035398 0.026549
0.129592 0.129590 0.129590 0.129588 0.064795 0.064795 0.064794 0.043197 0.043196 0.032397 0.032397 0.032397 0.025918 0.025918 0.025918 0.025918
0.120002 0.120001 0.120001 0.119997 0.060001 0.060000 0.060000 0.059999 0.040000 0.040000 0.040000 0.039999 0.030000 0.030000 0.030000 0.030000
0.103449 0.103449 0.103448 0.103448 0.103446 0.051725 0.051725 0.051725 0.051725 0.051724 0.051723 0.034483 0.034483 0.034483 0.034483 0.034482
0.100841 0.100841 0.100840 0.100839 0.100838 0.050421 0.050421 0.050421 0.050420 0.050420 0.050420 0.050420 0.050420 0.033613 0.033613 0.025210
0.117649 0.117646 0.117645 0.058825 0.058825 0.058824 0.058824 0.058823 0.058823 0.058823 0.039216 0.039216 0.039216 0.039216 0.039216 0.039215
0.152673 0.152673 0.076337 0.076336 0.076336 0.076335 0.050891 0.050891 0.050890 0.038168 0.038168 0.038168 0.030534 0.030534 0.030534 0.030534
0.138251 0.138249 0.069125 0.069125 0.069124 0.069124 0.069124 0.069124 0.069123 0.046083 0.034562 0.034562 0.034562 0.034562 0.027650 0.027650
0.122452 0.122450 0.122446 0.061225 0.061225 0.061225 0.061225 0.061224 0.061223 0.061223 0.040817 0.040816 0.030612 0.030612 0.030612 0.030612
0.103450 0.103449 0.103449 0.103447 0.103446 0.051725 0.051725 0.051724 0.051724 0.051724 0.051724 0.034483 0.034483 0.034482 0.034482 0.034482
0.140189 0.140187 0.140185 0.070094 0.070094 0.070093 0.070093 0.046729 0.035047 0.035047 0.035047 0.035046 0.028037 0.028037 0.028037 0.028037
0.123969 0.123968 0.123965 0.123965 0.061984 0.061984 0.061984 0.061983 0.041322 0.041322 0.030992 0.030992 0.030992 0.030992 0.024793 0.024793
0.096776 0.096775 0.096775 0.096773 0.096773 0.096772 0.048388 0.048388 0.048387 0.048387 0.048386 0.048386 0.032258 0.032258 0.032258 0.032258
0.105264 0.105264 0.105262 0.105261 0.052632 0.052632 0.052632 0.052632 0.052632 0.052631 0.052631 0.052631 0.052631 0.035088 0.035088 0.035088
0.144232 0.144229 0.072116 0.072116 0.072116 0.072115 0.072115 0.048077 0.048077 0.048077 0.048077 0.036058 0.036057 0.028846 0.028846 0.028846
0.106197 0.106196 0.106194 0.106194 0.106192 0.053098 0.053098 0.053097 0.053097 0.053096 0.035399 0.035399 0.035398 0.035398 0.035398 0.026549
0.100002 0.100001 0.100001 0.099999 0.099999 0.099997 0.050000 0.050000 0.050000 0.050000 0.049999 0.033334 0.033333 0.033333 0.025000 0.025000
0.103451 0.103450 0.103448 0.103448 0.103446 0.051725 0.051725 0.051724 0.051724 0.051723 0.051723 0.034483 0.034483 0.034483 0.034483 0.034483
0.100001 0.100001 0.099999 0.099999 0.099998 0.050001 0.050001 0.050000 0.050000 0.050000 0.050000 0.049999 0.049999 0.033334 0.033334 0.033333
0.103450 0.103448 0.103448 0.103446 0.051725 0.051725 0.051725 0.051725 0.051724 0.051724 0.051724 0.051724 0.051723 0.051723 0.034483 0.034483
0.093752 0.093751 0.093751 0.093749 0.093749 0.093748 0.046876 0.046876 0.046875 0.046875 0.046875 0.046875 0.046875 0.046875 0.031250 0.031250
0.103450 0.103449 0.103447 0.103447 0.103446 0.051725 0.051725 0.051724 0.051724 0.051724 0.051724 0.034483 0.034483 0.034483 0.034483 0.034483
0.107144 0.107143 0.107143 0.107141 0.107141 0.053572 0.053572 0.053572 0.053571 0.053571 0.035715 0.035714 0.035714 0.035714 0.026786 0.026786
0.115387 0.115386 0.115384 0.057693 0.057693 0.057692 0.057692 0.057692 0.057692 0.057691 0.057691 0.038462 0.038461 0.038461 0.038461 0.038461
0.107145 0.107144 0.107142 0.107142 0.053572 0.053572 0.053572 0.053571 0.053571 0.053571 0.053571 0.053570 0.035715 0.035714 0.035714 0.035714
0.107145 0.107144 0.107144 0.107142 0.053572 0.053572 0.053572 0.053571 0.053571 0.053571 0.053570 0.053570 0.035715 0.035714 0.035714 0.035714
0.101696 0.101696 0.101696 0.101694 0.101694 0.050848 0.050848 0.050848 0.050847 0.050847 0.050847 0.050847 0.033898 0.033898 0.033898 0.033898
0.151901 0.151900 0.151897 0.075950 0.075950 0.075948 0.037975 0.037975 0.037974 0.030380 0.030380 0.030380 0.030380 0.030379 0.025316 0.025316
0.123969 0.123968 0.123966 0.123966 0.061984 0.061984 0.061983 0.061982 0.041322 0.041322 0.030992 0.030992 0.030992 0.030992 0.024793 0.024793
0.163934 0.081969 0.081968 0.081967 0.081966 0.081966 0.054645 0.054645 0.054645 0.040984 0.040984 0.040984 0.040984 0.032787 0.032787 0.032787
0.152674 0.152669 0.076337 0.076336 0.076336 0.076335 0.050891 0.050890 0.050890 0.038168 0.038168 0.038168 0.030535 0.030535 0.030535 0.030534
0.145633 0.145632 0.145629 0.072816 0.072816 0.072815 0.048544 0.048544 0.036408 0.036408 0.029126 0.029126 0.029126 0.029126 0.029126 0.029126
0.110094 0.110091 0.110091 0.110089 0.055047 0.055046 0.055046 0.055046 0.055046 0.055045 0.055045 0.036698 0.036697 0.036697 0.036697 0.027523
0.100002 0.100001 0.099999 0.099999 0.099998 0.050001 0.050000 0.050000 0.050000 0.050000 0.050000 0.049999 0.049999 0.033333 0.033333 0.033333
0.111113 0.111110 0.111110 0.055556 0.055556 0.055556 0.055556 0.055556 0.055555 0.055555 0.055555 0.055555 0.055555 0.037038 0.037037 0.037037
0.101697 0.101696 0.101696 0.101694 0.101694 0.050848 0.050848 0.050848 0.050848 0.050848 0.050846 0.050846 0.033899 0.033898 0.033898 0.033898
0.122201 0.122201 0.122198 0.122198 0.061100 0.061100 0.061100 0.061100 0.061099 0.040733 0.030550 0.030550 0.030550 0.024440 0.024440 0.024440
0.111113 0.111112 0.111110 0.111110 0.055556 0.055556 0.055556 0.055555 0.055555 0.055555 0.037037 0.037037 0.037037 0.037037 0.037037 0.037037
0.122450 0.122450 0.061225 0.061225 0.061225 0.061225 0.061224 0.061224 0.061224 0.061223 0.061223 0.040817 0.040817 0.040816 0.040816 0.040816
0.111113 0.111110 0.111110 0.111108 0.055557 0.055557 0.055556 0.055556 0.055555 0.055555 0.037038 0.037037 0.037037 0.037037 0.037037 0.037037
0.115386 0.115384 0.115382 0.057693 0.057693 0.057693 0.057693 0.057693 0.057692 0.057692 0.057692 0.038462 0.038462 0.038462 0.038462 0.038461
0.109092 0.109092 0.109090 0.109090 0.054546 0.054546 0.054546 0.054546 0.054545 0.054545 0.054545 0.036364 0.036364 0.036364 0.036363 0.036363
0.122450 0.122448 0.061225 0.061225 0.061225 0.061225 0.061224 0.061224 0.061224 0.061224 0.061224 0.040817 0.040817 0.040817 0.040816 0.040816
0.161723 0.080863 0.080863 0.080863 0.080862 0.080862 0.053909 0.053909 0.053909 0.053908 0.040431 0.040431 0.040431 0.032345 0.032345 0.032345
0.126584 0.126583 0.126583 0.126580 0.063291 0.063291 0.063291 0.042194 0.042194 0.042194 0.031645 0.031645 0.031645 0.031645 0.025316 0.025316
0.121215 0.121213 0.121209 0.060607 0.060607 0.060606 0.060606 0.060606 0.060605 0.040404 0.040404 0.040404 0.040404 0.040404 0.040403 0.030303
0.109092 0.109090 0.109090 0.109088 0.054546 0.054546 0.054546 0.054546 0.054546 0.054545 0.054545 0.036364 0.036364 0.036363 0.036363 0.036363
0.122450 0.122448 0.122448 0.061225 0.061225 0.061225 0.061225 0.061224 0.061224 0.040817 0.040817 0.040816 0.040816 0.040816 0.030612 0.030612
0.125002 0.125001 0.062501 0.062500 0.062500 0.062500 0.062499 0.062499 0.062499 0.062499 0.041667 0.041667 0.041667 0.041667 0.041666 0.041666
0.104350 0.104349 0.104349 0.104347 0.104347 0.052175 0.052174 0.052174 0.052174 0.052173 0.052173 0.034783 0.034783 0.034782 0.034782 0.026087
0.122450 0.122448 0.061225 0.061225 0.061225 0.061225 0.061224 0.061224 0.061224 0.061223 0.061223 0.040817 0.040817 0.040817 0.040816 0.040816
0.121213 0.121211 0.121211 0.060607 0.060607 0.060606 0.060606 0.060606 0.060605 0.040405 0.040404 0.040404 0.040404 0.040404 0.040403 0.030303
0.122452 0.122448 0.061225 0.061225 0.061225 0.061225 0.061225 0.061224 0.061224 0.061223 0.061223 0.040817 0.040816 0.040816 0.040816 0.040816
0.103450 0.103449 0.103449 0.103447 0.051725 0.051725 0.051724 0.051724 0.051724 0.051724 0.051724 0.051724 0.051724 0.051723 0.034483 0.034483
0.115386 0.115386 0.115383 0.057693 0.057693 0.057692 0.057692 0.057692 0.057692 0.057692 0.057691 0.038462 0.038462 0.038462 0.038461 0.038461
0.155441 0.077721 0.077721 0.077721 0.077720 0.077720 0.077719 0.051814 0.051814 0.051813 0.051813 0.038860 0.038860 0.031088 0.031088 0.031088
0.111113 0.111112 0.111110 0.111108 0.055556 0.055556 0.055556 0.055555 0.055555 0.055555 0.037038 0.037037 0.037037 0.037037 0.037037 0.037037
0.103450 0.103449 0.103449 0.103447 0.103445 0.051725 0.051724 0.051724 0.051724 0.051724 0.051724 0.034483 0.034483 0.034483 0.034482 0.034482
0.103450 0.103449 0.103447 0.103446 0.051725 0.051725 0.051724 0.051724 0.051724 0.051724 0.051724 0.051724 0.051724 0.051723 0.034483 0.034483
0.122201 0.122200 0.122200 0.122198 0.061100 0.061100 0.061100 0.061100 0.061099 0.040733 0.030550 0.030550 0.030550 0.024440 0.024440 0.024440
0.103450 0.103449 0.103447 0.103447 0.103446 0.051725 0.051725 0.051725 0.051724 0.051724 0.051724 0.034483 0.034483 0.034483 0.034483 0.034482
0.114288 0.114286 0.114284 0.114284 0.057144 0.057143 0.057143 0.057143 0.057143 0.057142 0.038096 0.038095 0.038095 0.028571 0.028571 0.028571
0.098362 0.098361 0.098361 0.098360 0.098360 0.049181 0.049181 0.049180 0.049180 0.049180 0.049180 0.049180 0.049179 0.049179 0.032787 0.032787
0.101697 0.101696 0.101696 0.101694 0.101694 0.050848 0.050847 0.050847 0.050847 0.050847 0.050847 0.050847 0.033899 0.033899 0.033898 0.033898
0.111113 0.111112 0.111110 0.111110 0.111109 0.055556 0.055556 0.055556 0.037037 0.037037 0.037037 0.037037 0.037037 0.037037 0.027778 0.027778
0.098363 0.098362 0.098362 0.098360 0.098358 0.049181 0.049181 0.049181 0.049180 0.049180 0.049180 0.049180 0.049180 0.049179 0.032787 0.032787
0.098362 0.098361 0.098361 0.098359 0.098359 0.049181 0.049181 0.049181 0.049180 0.049180 0.049180 0.049180 0.049180 0.049179 0.032787 0.032787
0.107145 0.107144 0.107144 0.107142 0.053572 0.053572 0.053571 0.053571 0.053571 0.053571 0.053570 0.053570 0.035715 0.035714 0.035714 0.035714
0.105265 0.105265 0.105263 0.105263 0.105261 0.052632 0.052631 0.052631 0.052631 0.052631 0.035088 0.035088 0.035088 0.035088 0.035088 0.035088
0.136988 0.136987 0.136984 0.068494 0.068493 0.068493 0.068493 0.045662 0.045662 0.045662 0.034246 0.034246 0.027397 0.027397 0.027397 0.027397
0.141179 0.141177 0.141175 0.070589 0.070588 0.070588 0.070587 0.047059 0.035294 0.035294 0.035294 0.028235 0.028235 0.028235 0.028235 0.028235
0.152674 0.152668 0.076337 0.076336 0.076336 0.076336 0.050891 0.050890 0.050890 0.038168 0.038168 0.038168 0.030535 0.030535 0.030535 0.030534
0.163933 0.081969 0.081968 0.081967 0.081966 0.081966 0.054645 0.054645 0.054645 0.040984 0.040984 0.040984 0.040984 0.032787 0.032787 0.032787
0.130437 0.130436 0.130434 0.130434 0.065218 0.065217 0.065216 0.043478 0.043478 0.032609 0.032609 0.026087 0.026087 0.026087 0.026087 0.026087
0.158313 0.158312 0.079156 0.079156 0.079156 0.079155 0.052770 0.052770 0.039578 0.039578 0.039577 0.031662 0.031662 0.026385 0.026385 0.026385
0.110095 0.110091 0.110091 0.110089 0.055047 0.055046 0.055046 0.055046 0.055046 0.055045 0.055045 0.036698 0.036697 0.036697 0.036697 0.027523
0.141512 0.141510 0.070756 0.070755 0.070755 0.070754 0.070753 0.070753 0.047170 0.047170 0.035377 0.035377 0.035377 0.035377 0.028302 0.028302
0.123969 0.123968 0.123965 0.123965 0.061984 0.061984 0.061984 0.061983 0.041322 0.041322 0.030992 0.030992 0.030992 0.030992 0.024793 0.024793
0.117649 0.117648 0.117644 0.058824 0.058824 0.058824 0.058824 0.058823 0.058823 0.058823 0.039216 0.039216 0.039216 0.039215 0.039215 0.039215
0.103450 0.103449 0.103449 0.103447 0.103446 0.051725 0.051724 0.051724 0.051724 0.051724 0.051723 0.051723 0.034483 0.034483 0.025862 0.025862
0.115387 0.115385 0.115381 0.057693 0.057693 0.057693 0.057693 0.057692 0.057692 0.057692 0.057691 0.038462 0.038462 0.038461 0.038461 0.038461
0.109093 0.109092 0.109090 0.109089 0.054546 0.054546 0.054546 0.054545 0.054545 0.054545 0.054545 0.036364 0.036364 0.036364 0.036363 0.036363
0.113209 0.113207 0.113205 0.056605 0.056605 0.056604 0.056604 0.056604 0.056604 0.056603 0.056603 0.056603 0.037736 0.037736 0.037736 0.037736
0.129312 0.129309 0.129309 0.064656 0.064655 0.064655 0.064655 0.064655 0.043104 0.043104 0.043104 0.043103 0.032328 0.032327 0.025862 0.025862
0.113210 0.113209 0.113209 0.113204 0.056605 0.056604 0.056604 0.056603 0.056603 0.056603 0.037736 0.037736 0.037736 0.037735 0.028302 0.028302
0.109093 0.109092 0.109090 0.109090 0.054546 0.054546 0.054545 0.054545 0.054545 0.054545 0.054544 0.036364 0.036364 0.036364 0.036364 0.036363
0.113209 0.113208 0.113206 0.056604 0.056604 0.056604 0.056604 0.056604 0.056603 0.056603 0.056603 0.056603 0.037736 0.037736 0.037736 0.037736
0.108110 0.108109 0.108107 0.108107 0.054055 0.054055 0.054054 0.054054 0.054054 0.054054 0.054053 0.054053 0.036036 0.036036 0.036035 0.027027
0.111113 0.111112 0.111110 0.111110 0.055556 0.055556 0.055555 0.055555 0.055555 0.055555 0.037037 0.037037 0.037037 0.037037 0.037037 0.037037
0.124483 0.124482 0.124480 0.062241 0.062241 0.062241 0.062241 0.062240 0.062240 0.041494 0.041494 0.041494 0.041494 0.031120 0.031120 0.024896
0.113854 0.113853 0.113850 0.113850 0.056927 0.056927 0.056926 0.056926 0.056926 0.056926 0.056926 0.037951 0.028463 0.028463 0.028463 0.022770
0.105266 0.105262 0.105262 0.105261 0.052633 0.052633 0.052632 0.052632 0.052631 0.052631 0.052631 0.052631 0.052631 0.035088 0.035088 0.035088
0.098363 0.098362 0.098362 0.098360 0.098360 0.049181 0.049181 0.049180 0.049180 0.049180 0.049180 0.049180 0.049179 0.049179 0.032787 0.032787
0.095240 0.095239 0.095239 0.095237 0.095237 0.047620 0.047620 0.047619 0.047619 0.047619 0.047619 0.047619 0.047619 0.047619 0.047618 0.047618
0.123713 0.123712 0.123709 0.061856 0.061856 0.061856 0.061856 0.061855 0.061855 0.041237 0.041237 0.041237 0.041237 0.030928 0.030928 0.030928
0.096776 0.096775 0.096773 0.096773 0.096772 0.048388 0.048388 0.048387 0.048387 0.048387 0.048387 0.048387 0.048387 0.048387 0.048386 0.032259
0.096776 0.096775 0.096775 0.096773 0.096772 0.048388 0.048387 0.048387 0.048387 0.048387 0.048387 0.048387 0.048387 0.048386 0.048386 0.032259
0.103450 0.103449 0.103449 0.103447 0.103446 0.051725 0.051725 0.051725 0.051724 0.051724 0.051724 0.034483 0.034483 0.034483 0.034482 0.034482
0.118814 0.118812 0.118810 0.059407 0.059407 0.059406 0.059406 0.059406 0.059406 0.059406 0.059405 0.039604 0.039604 0.029703 0.029703 0.029703
0.126318 0.126317 0.126314 0.063159 0.063158 0.063158 0.063157 0.042106 0.042105 0.042105 0.042105 0.042105 0.042105 0.042105 0.042105 0.031579
0.139536 0.069768 0.069768 0.069768 0.069768 0.069767 0.069767 0.069767 0.069767 0.069766 0.046512 0.046512 0.034884 0.034884 0.034884 0.034884
0.140188 0.140186 0.140185 0.070094 0.070093 0.070093 0.046730 0.046729 0.046729 0.046729 0.035047 0.035047 0.028037 0.028037 0.028037 0.028037
0.126318 0.126313 0.063159 0.063159 0.063159 0.063158 0.063158 0.063158 0.063157 0.063157 0.063157 0.042106 0.042105 0.031579 0.031579 0.031579
0.152674 0.152670 0.076337 0.076336 0.076336 0.076336 0.076336 0.050891 0.038168 0.038168 0.038168 0.030534 0.030534 0.030534 0.030534 0.025445
0.101697 0.101696 0.101694 0.101694 0.101692 0.050848 0.050848 0.050848 0.050848 0.050847 0.050847 0.050847 0.050847 0.033898 0.025424 0.025424
0.119051 0.119047 0.119047 0.119045 0.059524 0.059524 0.059524 0.059524 0.059523 0.039683 0.039682 0.039682 0.029762 0.029762 0.023810 0.023810
0.139214 0.139213 0.139208 0.069606 0.069605 0.069605 0.046404 0.046404 0.046403 0.046403 0.034803 0.034803 0.034803 0.027842 0.027842 0.027842
0.132746 0.132745 0.132740 0.066372 0.066372 0.066372 0.066371 0.044248 0.044248 0.044247 0.044247 0.033186 0.033186 0.033186 0.033186 0.026549
0.125788 0.125786 0.125784 0.062894 0.062894 0.062893 0.062893 0.062892 0.062892 0.041929 0.041929 0.041928 0.031447 0.031447 0.031447 0.025157
0.138891 0.138888 0.069446 0.069445 0.069445 0.069444 0.069443 0.069443 0.046296 0.046296 0.046296 0.034722 0.034722 0.034722 0.034722 0.027778
0.111113 0.111112 0.111110 0.111110 0.055556 0.055556 0.055556 0.055556 0.055555 0.055555 0.055555 0.037037 0.037037 0.037037 0.027778 0.027778
0.107145 0.107142 0.107142 0.107140 0.053572 0.053572 0.053572 0.053572 0.053572 0.053571 0.053571 0.053571 0.035715 0.035714 0.035714 0.035714
0.113210 0.113208 0.113208 0.056604 0.056604 0.056604 0.056604 0.056604 0.056603 0.056603 0.056603 0.056603 0.037736 0.037736 0.037735 0.037735
0.100002 0.100001 0.100001 0.099999 0.099999 0.050001 0.050001 0.050000 0.050000 0.050000 0.050000 0.049999 0.049999 0.033334 0.033333 0.033333
0.115386 0.115384 0.115382 0.057693 0.057693 0.057693 0.057692 0.057692 0.057692 0.057692 0.057692 0.038462 0.038462 0.038462 0.038462 0.038461
0.118813 0.118813 0.118809 0.059407 0.059406 0.059406 0.059406 0.059406 0.059405 0.059405 0.039604 0.039604 0.039604 0.039604 0.039603 0.029703
0.125002 0.125001 0.062501 0.062500 0.062500 0.062500 0.062500 0.062499 0.062499 0.062499 0.041667 0.041667 0.041667 0.041666 0.041666 0.041666
0.109093 0.109092 0.109090 0.109090 0.054546 0.054546 0.054546 0.054545 0.054545 0.054545 0.054545 0.036364 0.036364 0.036364 0.036363 0.036363
0.101697 0.101696 0.101696 0.101694 0.101692 0.050848 0.050848 0.050848 0.050847 0.050847 0.050847 0.050847 0.033899 0.033898 0.033898 0.033898
0.113210 0.113209 0.113204 0.056605 0.056604 0.056604 0.056604 0.056604 0.056604 0.056603 0.056603 0.056603 0.037736 0.037736 0.037736 0.037736
0.092310 0.092309 0.092309 0.092307 0.092307 0.092305 0.046155 0.046155 0.046154 0.046154 0.046154 0.046153 0.046153 0.046153 0.046153 0.030769
0.100002 0.100001 0.099999 0.099999 0.099998 0.050001 0.050001 0.050000 0.050000 0.050000 0.050000 0.050000 0.049999 0.033334 0.033334 0.033333
0.114287 0.114286 0.114284 0.114284 0.057144 0.057143 0.057143 0.057143 0.057143 0.057143 0.038096 0.038095 0.038095 0.028571 0.028571 0.028571
0.101696 0.101694 0.101694 0.101693 0.050848 0.050848 0.050848 0.050848 0.050848 0.050848 0.050847 0.050847 0.050847 0.050847 0.050847 0.033899
0.120001 0.120001 0.119998 0.060001 0.060001 0.060000 0.060000 0.060000 0.060000 0.059999 0.040000 0.040000 0.040000 0.040000 0.030000 0.030000
