0.207138 0.207132 0.103568 0.069045 0.051784 0.051784 0.041427 0.041427 0.041427 0.034522 0.034522 0.025892 0.025892 0.023015 0.020713 0.020713
0.155844 0.155841 0.077923 0.077923 0.077922 0.077921 0.051949 0.051948 0.038961 0.038961 0.038961 0.031169 0.031169 0.031169 0.031169 0.031169
0.139535 0.139535 0.139532 0.069769 0.069768 0.069767 0.069767 0.046512 0.046511 0.034884 0.034884 0.027907 0.027907 0.027907 0.027907 0.027907
0.134835 0.134831 0.134831 0.067416 0.067416 0.067415 0.067415 0.067415 0.044944 0.044943 0.033708 0.026966 0.026966 0.026966 0.026966 0.026966
0.154639 0.154639 0.077320 0.077319 0.077319 0.077319 0.051547 0.051546 0.038660 0.038660 0.038660 0.038660 0.030928 0.030928 0.030928 0.030928
0.169491 0.169488 0.084747 0.084747 0.084745 0.056498 0.042373 0.042373 0.033899 0.033899 0.033898 0.033898 0.033898 0.033898 0.033898 0.028249
0.230921 0.230915 0.115458 0.046183 0.046183 0.046183 0.038486 0.038486 0.028865 0.028865 0.028865 0.025657 0.025657 0.023092 0.023092 0.023092
0.169974 0.169972 0.084987 0.084986 0.084986 0.084985 0.056657 0.033994 0.033994 0.033994 0.033994 0.028328 0.028328 0.028328 0.021246 0.021246
0.114945 0.114944 0.114942 0.114940 0.057472 0.057471 0.057471 0.057471 0.057470 0.057470 0.038315 0.038314 0.038314 0.028736 0.028736 0.022989
0.139538 0.139534 0.139532 0.069768 0.069768 0.069767 0.069767 0.046512 0.046511 0.034884 0.034884 0.027907 0.027907 0.027907 0.027907 0.027907
0.126585 0.126584 0.126581 0.063292 0.063292 0.063291 0.063291 0.063290 0.063290 0.042194 0.042194 0.042193 0.031646 0.031645 0.025317 0.025317
0.127120 0.127118 0.127118 0.063560 0.063560 0.063559 0.063559 0.063559 0.063558 0.042373 0.042373 0.031780 0.031780 0.031780 0.031780 0.025424
0.121214 0.121211 0.121210 0.060607 0.060607 0.060607 0.060606 0.060606 0.060605 0.060605 0.040404 0.040404 0.040404 0.030303 0.030303 0.030303
0.127932 0.127932 0.127930 0.063967 0.063967 0.063966 0.063966 0.063965 0.063965 0.042645 0.042644 0.031983 0.031983 0.031983 0.025587 0.025587
0.169493 0.169490 0.084746 0.084746 0.084746 0.056497 0.042373 0.042373 0.033898 0.033898 0.033898 0.033898 0.033898 0.033898 0.033898 0.028249
0.164385 0.164382 0.164382 0.082192 0.054795 0.041096 0.041096 0.041096 0.032877 0.032877 0.032877 0.032877 0.032877 0.027397 0.027397 0.027397
0.144578 0.144575 0.072291 0.072290 0.072290 0.072289 0.072289 0.072288 0.048193 0.048192 0.036145 0.028916 0.028916 0.028916 0.028916 0.028916
0.129873 0.129871 0.129867 0.064936 0.064935 0.064935 0.064935 0.064934 0.043290 0.043290 0.043289 0.032468 0.032468 0.032468 0.032467 0.025974
0.186338 0.093169 0.093168 0.093167 0.093167 0.062112 0.046584 0.046584 0.037267 0.037267 0.037267 0.037267 0.037267 0.037267 0.031056 0.031056
0.145989 0.145982 0.072993 0.072992 0.072992 0.072992 0.072992 0.048662 0.048662 0.048661 0.036497 0.036497 0.036496 0.029197 0.029197 0.029197
0.135443 0.135442 0.135437 0.067721 0.067720 0.067720 0.067719 0.067719 0.045146 0.033860 0.033860 0.033860 0.027088 0.027088 0.027088 0.027088
0.172913 0.172909 0.086456 0.086455 0.086454 0.057637 0.043227 0.034582 0.034582 0.034582 0.034582 0.034582 0.034582 0.028818 0.028818 0.028818
0.125789 0.125786 0.125783 0.062894 0.062894 0.062893 0.062893 0.062892 0.062892 0.041929 0.041929 0.041928 0.031447 0.031447 0.031447 0.025157
0.144581 0.144578 0.144575 0.072290 0.072288 0.072288 0.048193 0.048192 0.036145 0.036145 0.036145 0.028916 0.028916 0.028916 0.028916 0.028916
0.174926 0.087465 0.087464 0.087462 0.087462 0.058309 0.058308 0.043732 0.043732 0.043732 0.043732 0.043732 0.034986 0.034986 0.034986 0.034986
0.133931 0.133927 0.133927 0.066965 0.066965 0.066964 0.066964 0.066963 0.044643 0.044643 0.033482 0.033482 0.026786 0.026786 0.026786 0.026786
0.178044 0.178039 0.089022 0.089021 0.089020 0.044510 0.035608 0.035608 0.035608 0.035608 0.035608 0.035608 0.029674 0.029674 0.029674 0.029674
0.156659 0.156656 0.078329 0.078329 0.078329 0.078328 0.052220 0.052219 0.039164 0.039164 0.039164 0.031332 0.031332 0.031332 0.031331 0.026110
0.128205 0.128205 0.128202 0.064104 0.064103 0.064103 0.064102 0.064102 0.064102 0.042736 0.042735 0.042735 0.025641 0.025641 0.025641 0.025641
0.125526 0.125524 0.125522 0.125520 0.062762 0.062762 0.062762 0.062760 0.041841 0.041841 0.031381 0.031381 0.025105 0.025105 0.025105 0.025105
0.165749 0.165744 0.082873 0.082872 0.082872 0.055249 0.055248 0.041436 0.041436 0.033149 0.033149 0.033149 0.033149 0.033149 0.033149 0.027624
0.173912 0.086958 0.086957 0.086957 0.086955 0.057971 0.057971 0.057970 0.043478 0.043478 0.043478 0.034783 0.034783 0.034783 0.034783 0.034783
0.138570 0.138567 0.138565 0.069285 0.069284 0.069284 0.069284 0.046190 0.046189 0.034642 0.034642 0.034642 0.027714 0.027714 0.027714 0.027714
0.197371 0.098685 0.098684 0.098683 0.065789 0.049342 0.049342 0.039474 0.039474 0.039473 0.039473 0.039473 0.039473 0.039473 0.032895 0.032895
0.150003 0.150001 0.149998 0.075000 0.075000 0.074999 0.050000 0.037500 0.037500 0.030000 0.030000 0.030000 0.030000 0.030000 0.025000 0.025000
0.168067 0.168064 0.084034 0.084033 0.056023 0.056023 0.056022 0.042017 0.042017 0.042017 0.033614 0.033614 0.033614 0.033614 0.033614 0.033614
0.179101 0.089553 0.089553 0.089552 0.089551 0.059702 0.044776 0.044776 0.044776 0.044776 0.044776 0.035821 0.035821 0.035821 0.035821 0.035821
0.162159 0.081083 0.081082 0.081082 0.081081 0.081081 0.081080 0.054055 0.054054 0.040541 0.040541 0.032433 0.032433 0.032432 0.032432 0.032432
0.153848 0.153845 0.076923 0.076923 0.076922 0.076922 0.051283 0.051282 0.051282 0.038462 0.038462 0.030769 0.030769 0.030769 0.030769 0.030769
0.147058 0.147058 0.073531 0.073530 0.073530 0.073529 0.073528 0.049020 0.049019 0.049019 0.036765 0.036765 0.029412 0.029412 0.029412 0.029412
0.170456 0.170453 0.085228 0.085228 0.085227 0.056818 0.042614 0.042614 0.034091 0.034091 0.034091 0.034091 0.034091 0.034091 0.028409 0.028409
0.142183 0.142181 0.142179 0.071090 0.071090 0.071089 0.071089 0.047394 0.047393 0.028436 0.028436 0.028436 0.028436 0.028436 0.028436 0.023697
0.179104 0.089553 0.089553 0.089552 0.089551 0.059701 0.059701 0.044776 0.044776 0.044776 0.035821 0.035821 0.035821 0.035821 0.035821 0.029851
0.168539 0.168539 0.084271 0.084269 0.084269 0.056179 0.042135 0.042135 0.033708 0.033708 0.033708 0.033708 0.033708 0.033708 0.033708 0.033708
0.134532 0.134530 0.134528 0.067266 0.067265 0.067264 0.067263 0.067263 0.044843 0.044843 0.033632 0.033632 0.026906 0.026906 0.026906 0.022422
0.142183 0.142179 0.142177 0.071091 0.071090 0.071089 0.047394 0.047394 0.047393 0.047393 0.028436 0.028436 0.028436 0.028436 0.028436 0.028436
0.123970 0.123966 0.123966 0.123964 0.061984 0.061984 0.061984 0.061983 0.041323 0.041322 0.041322 0.030992 0.030992 0.024793 0.024793 0.020661
0.179019 0.179014 0.179014 0.089508 0.089507 0.044754 0.035803 0.035803 0.029836 0.022377 0.019891 0.019891 0.019891 0.019891 0.017902 0.017901
0.177512 0.088758 0.088758 0.088757 0.088757 0.088757 0.059172 0.044379 0.044379 0.035503 0.035503 0.035503 0.035503 0.029586 0.029586 0.029586
0.160000 0.160000 0.159998 0.080000 0.053334 0.053333 0.040000 0.040000 0.040000 0.032000 0.032000 0.032000 0.032000 0.032000 0.026667 0.026667
0.116962 0.116961 0.116958 0.116958 0.116956 0.058481 0.058479 0.058479 0.058479 0.029240 0.029240 0.029240 0.023392 0.023392 0.023392 0.023392
0.133931 0.133930 0.133927 0.066965 0.066964 0.066964 0.066964 0.066963 0.044643 0.044643 0.033482 0.033482 0.026786 0.026786 0.026786 0.026786
0.180179 0.090091 0.090090 0.090089 0.060061 0.060060 0.060060 0.060059 0.045045 0.045045 0.045045 0.036036 0.036036 0.036036 0.036036 0.030030
0.219511 0.109757 0.109756 0.109755 0.054878 0.043903 0.043903 0.043903 0.043903 0.043902 0.036585 0.036585 0.027439 0.027439 0.024390 0.024390
0.154642 0.154637 0.077320 0.077320 0.077319 0.077319 0.051547 0.051547 0.051546 0.038660 0.038660 0.030928 0.030928 0.030928 0.030928 0.025773
0.121953 0.121952 0.121948 0.060976 0.060976 0.060976 0.060975 0.060975 0.060975 0.060975 0.040651 0.040650 0.040650 0.030488 0.030488 0.024390
0.147423 0.147418 0.147418 0.073711 0.073710 0.073710 0.049140 0.036855 0.036855 0.036855 0.029484 0.029484 0.029484 0.029484 0.029484 0.029484
0.107145 0.107144 0.107144 0.107140 0.053572 0.053572 0.053572 0.053571 0.053571 0.053571 0.053571 0.053570 0.035715 0.035714 0.035714 0.035714
0.127662 0.127659 0.063831 0.063831 0.063829 0.063829 0.063829 0.063829 0.063829 0.042554 0.042554 0.042553 0.042553 0.042553 0.042553 0.042553
0.107144 0.107144 0.107142 0.107142 0.053572 0.053572 0.053572 0.053572 0.053571 0.053571 0.053571 0.053570 0.035715 0.035714 0.035714 0.035714
0.107144 0.107144 0.107142 0.107140 0.053572 0.053572 0.053572 0.053572 0.053572 0.053571 0.053570 0.053570 0.035715 0.035715 0.035715 0.035714
0.122452 0.122448 0.061225 0.061225 0.061225 0.061225 0.061225 0.061224 0.061224 0.061224 0.061224 0.040817 0.040816 0.040816 0.040816 0.040816
0.107144 0.107144 0.107142 0.107142 0.053572 0.053572 0.053572 0.053572 0.053571 0.053571 0.053571 0.053571 0.035714 0.035714 0.035714 0.035714
0.107144 0.107142 0.107142 0.107141 0.053572 0.053572 0.053572 0.053572 0.053572 0.053571 0.053571 0.053571 0.035715 0.035715 0.035715 0.035714
0.144580 0.144579 0.144576 0.072289 0.072289 0.072289 0.048193 0.048193 0.036144 0.036144 0.036144 0.028916 0.028916 0.028916 0.028915 0.028915
0.126851 0.126851 0.126848 0.126848 0.063426 0.063425 0.063425 0.063424 0.042284 0.031712 0.031712 0.031712 0.025370 0.025370 0.025370 0.025370
0.115386 0.115384 0.115382 0.057693 0.057693 0.057693 0.057693 0.057693 0.057692 0.057691 0.057691 0.038462 0.038462 0.038462 0.038461 0.038461
0.122451 0.122448 0.122446 0.061226 0.061225 0.061225 0.061224 0.061224 0.061224 0.040817 0.040817 0.040816 0.040816 0.040816 0.030612 0.030612
0.121214 0.121212 0.121210 0.060607 0.060607 0.060606 0.060606 0.060606 0.060605 0.060605 0.040404 0.040404 0.040404 0.030303 0.030303 0.030303
0.105265 0.105264 0.105264 0.105262 0.105261 0.052632 0.052632 0.052632 0.052631 0.052631 0.052631 0.035088 0.035088 0.035087 0.026316 0.026316
0.136057 0.136056 0.136051 0.068027 0.068027 0.068027 0.068026 0.045352 0.045351 0.045351 0.034014 0.034014 0.034014 0.027211 0.027211 0.027211
0.105265 0.105264 0.105263 0.105261 0.052632 0.052632 0.052632 0.052632 0.052631 0.052631 0.052631 0.052631 0.052631 0.035088 0.035088 0.035087
0.131293 0.131291 0.131288 0.065646 0.065645 0.065645 0.065645 0.043764 0.043764 0.043764 0.043764 0.043764 0.032823 0.032823 0.032823 0.026258
0.149999 0.149997 0.075001 0.075001 0.075001 0.075000 0.075000 0.050000 0.050000 0.037500 0.037500 0.030000 0.030000 0.030000 0.030000 0.030000
0.108109 0.108107 0.108107 0.108106 0.054055 0.054055 0.054055 0.054054 0.054054 0.054054 0.054054 0.054053 0.036036 0.036036 0.036036 0.027027
0.137616 0.137615 0.137613 0.068808 0.068807 0.068807 0.068807 0.045872 0.045872 0.034404 0.034404 0.034404 0.034403 0.027523 0.027523 0.027523
0.126315 0.126313 0.063159 0.063159 0.063159 0.063159 0.063158 0.063158 0.063158 0.063157 0.063157 0.042106 0.042106 0.031579 0.031579 0.031579
0.130436 0.130436 0.130433 0.065218 0.065218 0.065217 0.065216 0.043479 0.043479 0.043478 0.043478 0.043478 0.032609 0.032609 0.032609 0.032609
0.139863 0.139859 0.069931 0.069930 0.069929 0.069929 0.069929 0.069929 0.046620 0.046620 0.046620 0.034965 0.034965 0.034965 0.027972 0.027972
0.113854 0.113853 0.113853 0.113851 0.113849 0.056927 0.056926 0.056925 0.037951 0.037951 0.037951 0.037950 0.028463 0.028463 0.028463 0.022770
0.123969 0.123968 0.123965 0.061984 0.061984 0.061984 0.061984 0.061983 0.061983 0.061983 0.041323 0.041322 0.030992 0.030992 0.024793 0.024793
0.144930 0.144929 0.072465 0.072463 0.072463 0.072462 0.048310 0.048309 0.048309 0.048309 0.048309 0.048308 0.036232 0.036232 0.028986 0.028986
0.121214 0.121211 0.121209 0.060607 0.060607 0.060607 0.060606 0.060606 0.060606 0.040404 0.040404 0.040404 0.040404 0.040404 0.040404 0.030303
0.118345 0.118342 0.118342 0.118341 0.059173 0.059172 0.059172 0.059172 0.059171 0.039448 0.039448 0.039448 0.029586 0.029586 0.029586 0.023669
0.151898 0.151895 0.075951 0.075950 0.075950 0.075950 0.075948 0.050634 0.037975 0.037975 0.037975 0.030380 0.030380 0.030380 0.030380 0.030380
0.129592 0.129589 0.129589 0.129587 0.064796 0.064795 0.064794 0.043197 0.043196 0.032398 0.032397 0.032397 0.025918 0.025918 0.025918 0.025918
0.136989 0.136985 0.136983 0.068494 0.068494 0.068493 0.068492 0.045663 0.045662 0.045662 0.034247 0.034247 0.027397 0.027397 0.027397 0.027397
0.132450 0.132450 0.132448 0.066226 0.066226 0.066226 0.066225 0.066225 0.044150 0.044150 0.044150 0.033113 0.026490 0.026490 0.026490 0.026490
0.169013 0.169013 0.084508 0.084508 0.084507 0.056339 0.042254 0.042254 0.042254 0.033803 0.033803 0.033803 0.033803 0.033803 0.028169 0.028169
0.110094 0.110093 0.110091 0.110091 0.110089 0.055047 0.055046 0.055046 0.055045 0.036698 0.036697 0.036697 0.036697 0.027523 0.027523 0.027523
0.169491 0.169489 0.084747 0.084745 0.056498 0.056497 0.056497 0.042373 0.042373 0.033899 0.033899 0.033899 0.033899 0.033899 0.033898 0.033898
0.216605 0.108304 0.108303 0.054152 0.054152 0.054152 0.043322 0.043321 0.043321 0.043321 0.043321 0.043321 0.036101 0.036101 0.036101 0.036101
0.179639 0.089822 0.089821 0.089820 0.089820 0.059881 0.059880 0.044910 0.044910 0.035928 0.035928 0.035928 0.035928 0.035928 0.035928 0.035928
0.136676 0.136673 0.068338 0.068338 0.068337 0.068337 0.068337 0.068336 0.045559 0.045559 0.045558 0.045558 0.045558 0.034169 0.027335 0.027335
0.115386 0.115386 0.115383 0.057693 0.057693 0.057693 0.057693 0.057692 0.057692 0.057692 0.057691 0.038462 0.038462 0.038462 0.038461 0.038461
0.107144 0.107142 0.107142 0.107140 0.053572 0.053572 0.053572 0.053572 0.053572 0.053571 0.053571 0.053571 0.035715 0.035715 0.035715 0.035714
0.095240 0.095239 0.095239 0.095237 0.095237 0.095236 0.047620 0.047620 0.047619 0.047619 0.047619 0.047619 0.047618 0.031746 0.031746 0.031746
0.135138 0.135132 0.067569 0.067569 0.067568 0.067567 0.067567 0.067567 0.067567 0.045046 0.045045 0.045045 0.033784 0.033784 0.027027 0.027027
0.165745 0.165745 0.082874 0.082873 0.082872 0.055249 0.041437 0.041437 0.041437 0.041436 0.033149 0.033149 0.033149 0.033149 0.033149 0.033149
0.138891 0.138886 0.069445 0.069445 0.069445 0.069444 0.069443 0.069443 0.046297 0.046297 0.046296 0.034722 0.034722 0.034722 0.034722 0.027778
0.108110 0.108109 0.108107 0.108105 0.054055 0.054055 0.054054 0.054054 0.054054 0.054054 0.054054 0.054053 0.036037 0.036036 0.036036 0.027027
0.121213 0.121213 0.121213 0.060607 0.060607 0.060606 0.060606 0.060606 0.060605 0.060605 0.040404 0.040404 0.040403 0.030303 0.030303 0.030303
0.135748 0.135747 0.067874 0.067874 0.067873 0.067873 0.067873 0.067873 0.045249 0.045249 0.045249 0.045248 0.045248 0.033937 0.033936 0.027149
0.118814 0.118813 0.118809 0.059407 0.059407 0.059406 0.059406 0.059406 0.059405 0.059405 0.039604 0.039604 0.039604 0.039604 0.039603 0.029703
0.122451 0.122448 0.122446 0.061226 0.061225 0.061225 0.061225 0.061224 0.061224 0.040817 0.040816 0.040816 0.040816 0.040816 0.030612 0.030612
0.110093 0.110091 0.110091 0.110090 0.055047 0.055046 0.055046 0.055046 0.055046 0.055045 0.055045 0.036698 0.036697 0.036697 0.036697 0.027523
0.127662 0.127658 0.063831 0.063830 0.063830 0.063830 0.063830 0.063830 0.063829 0.063829 0.042554 0.042553 0.042553 0.042553 0.031915 0.031915
0.136365 0.136365 0.068182 0.068182 0.068182 0.068182 0.068181 0.045455 0.045455 0.045455 0.045454 0.045454 0.045454 0.045454 0.034091 0.034091
0.144577 0.144577 0.072290 0.072290 0.072290 0.072289 0.072289 0.072288 0.048193 0.048193 0.036145 0.028916 0.028916 0.028916 0.028916 0.028916
0.129035 0.129029 0.064517 0.064517 0.064517 0.064516 0.064516 0.064516 0.064515 0.064515 0.043011 0.043011 0.043010 0.032258 0.032258 0.032258
0.103450 0.103449 0.103448 0.103447 0.103446 0.051725 0.051725 0.051724 0.051724 0.051723 0.051723 0.034483 0.034483 0.034483 0.034483 0.034482
0.139537 0.139536 0.139533 0.069767 0.069767 0.069767 0.069767 0.046512 0.046511 0.034884 0.034884 0.027907 0.027907 0.027907 0.027907 0.027907
0.137617 0.137615 0.137613 0.068808 0.068808 0.068807 0.068806 0.045872 0.045871 0.034404 0.034404 0.034403 0.034403 0.027523 0.027523 0.027523
0.124484 0.124483 0.124478 0.062241 0.062241 0.062240 0.062240 0.062240 0.062240 0.041494 0.041494 0.041494 0.041493 0.031120 0.031120 0.024896
0.104350 0.104349 0.104347 0.104347 0.104345 0.052175 0.052175 0.052174 0.052174 0.052174 0.052173 0.034783 0.034783 0.034783 0.034782 0.026087
0.130153 0.130152 0.130152 0.065076 0.065076 0.065076 0.065076 0.065076 0.065075 0.043384 0.032538 0.032538 0.032538 0.026030 0.026030 0.026030
0.148884 0.148881 0.074442 0.074442 0.074442 0.074442 0.074441 0.049628 0.049628 0.037221 0.037221 0.037221 0.029777 0.029777 0.029777 0.029777
0.113209 0.113209 0.113207 0.113205 0.056605 0.056604 0.056604 0.056604 0.056603 0.056603 0.037736 0.037736 0.037736 0.037735 0.028302 0.028302
0.134831 0.134829 0.067417 0.067417 0.067416 0.067416 0.067416 0.067415 0.044944 0.044944 0.044944 0.044944 0.044943 0.033708 0.033708 0.033708
0.151135 0.075567 0.075567 0.075566 0.075566 0.075566 0.075566 0.050379 0.050378 0.050378 0.050378 0.050377 0.037783 0.037783 0.037783 0.030227
0.113209 0.113208 0.113206 0.113206 0.056604 0.056604 0.056604 0.056604 0.056603 0.056603 0.037736 0.037736 0.037735 0.037735 0.028302 0.028302
0.107145 0.107144 0.107142 0.107142 0.107140 0.053572 0.053572 0.053572 0.053571 0.053571 0.035715 0.035715 0.035715 0.035714 0.026786 0.026786
0.120002 0.120000 0.119997 0.060001 0.060001 0.060000 0.060000 0.060000 0.059999 0.059999 0.040001 0.040000 0.040000 0.040000 0.030000 0.030000
0.129034 0.129032 0.129030 0.064517 0.064517 0.064516 0.064515 0.043011 0.043011 0.043011 0.043011 0.043011 0.043010 0.032258 0.032258 0.032258
0.107145 0.107144 0.107144 0.107142 0.053572 0.053572 0.053571 0.053571 0.053571 0.053571 0.053570 0.053570 0.035715 0.035714 0.035714 0.035714
0.101696 0.101696 0.101696 0.101694 0.101694 0.050848 0.050848 0.050848 0.050848 0.050847 0.050847 0.050846 0.033899 0.033898 0.033898 0.033898
0.154242 0.154242 0.077122 0.077121 0.077120 0.077120 0.051414 0.051414 0.051414 0.038560 0.038560 0.038560 0.030848 0.030848 0.025707 0.025707
0.142519 0.142514 0.071260 0.071260 0.071260 0.071259 0.071258 0.047507 0.047506 0.047506 0.047506 0.047505 0.035629 0.028504 0.028504 0.028504
0.116507 0.116504 0.116504 0.058253 0.058253 0.058253 0.058253 0.058252 0.058252 0.058252 0.058252 0.038835 0.038835 0.038835 0.038834 0.029126
0.109093 0.109092 0.109092 0.109090 0.054546 0.054546 0.054546 0.054545 0.054545 0.054544 0.054544 0.036364 0.036364 0.036364 0.036363 0.036363
0.123968 0.123968 0.123967 0.123965 0.061984 0.061984 0.061983 0.061983 0.041323 0.041322 0.030992 0.030992 0.030992 0.030991 0.024793 0.024793
0.177254 0.177251 0.088627 0.088627 0.088626 0.044313 0.035451 0.035451 0.035451 0.035451 0.035450 0.035450 0.035450 0.035450 0.029542 0.022157
0.157896 0.157893 0.078949 0.078948 0.078946 0.078946 0.052632 0.039474 0.039474 0.039474 0.039474 0.031579 0.031579 0.031579 0.031579 0.031579
0.139538 0.139534 0.139534 0.069768 0.069768 0.069767 0.069766 0.046512 0.046512 0.034884 0.034884 0.027907 0.027907 0.027907 0.027907 0.027907
0.119763 0.119762 0.119760 0.119758 0.059881 0.059881 0.059880 0.059879 0.059879 0.039920 0.039920 0.039920 0.029940 0.023952 0.023952 0.023952
0.121954 0.121950 0.121949 0.060977 0.060976 0.060976 0.060976 0.060975 0.060975 0.060975 0.040651 0.040651 0.040650 0.030488 0.030488 0.024390
0.144231 0.144228 0.072116 0.072116 0.072115 0.072115 0.072115 0.048078 0.048077 0.048077 0.048077 0.036058 0.036058 0.028846 0.028846 0.028846
0.192925 0.096464 0.096463 0.096462 0.064309 0.048232 0.048232 0.048231 0.038585 0.038585 0.038585 0.038585 0.038585 0.038585 0.038585 0.038585
0.156456 0.156454 0.156452 0.078228 0.078227 0.078226 0.039113 0.039113 0.031291 0.031291 0.031290 0.026076 0.026076 0.026076 0.026075 0.019557
0.117190 0.117189 0.117187 0.117184 0.058595 0.058594 0.058594 0.058594 0.058593 0.058593 0.039063 0.029297 0.029297 0.029297 0.029297 0.023438
0.138252 0.138248 0.138248 0.069125 0.069124 0.069123 0.046083 0.046083 0.046083 0.046082 0.034562 0.034562 0.034562 0.034562 0.027650 0.027650
0.134230 0.134227 0.067115 0.067114 0.067114 0.067114 0.067114 0.067113 0.067113 0.044743 0.044743 0.044742 0.033557 0.033557 0.033557 0.026846
0.125002 0.124999 0.124999 0.124997 0.062501 0.062500 0.062500 0.062500 0.041667 0.041667 0.041666 0.025000 0.025000 0.025000 0.025000 0.025000
0.182097 0.182095 0.091047 0.091046 0.060698 0.045523 0.045523 0.036419 0.036419 0.036419 0.036419 0.036419 0.036419 0.030349 0.030349 0.022762
0.161291 0.161291 0.080645 0.080645 0.080644 0.053764 0.053764 0.053763 0.040322 0.040322 0.032258 0.032258 0.032258 0.032258 0.032258 0.032258
0.144577 0.072290 0.072290 0.072290 0.072289 0.072289 0.072289 0.072289 0.048193 0.048193 0.048192 0.048192 0.048192 0.036145 0.036145 0.036145
0.122451 0.122450 0.122450 0.061225 0.061225 0.061224 0.061224 0.061224 0.061223 0.040816 0.040816 0.040816 0.040816 0.040816 0.030612 0.030612
0.099176 0.099175 0.099175 0.099173 0.099173 0.099171 0.049588 0.049588 0.049587 0.049586 0.049586 0.033058 0.033058 0.033058 0.033057 0.024793
0.107145 0.107144 0.107142 0.107140 0.053572 0.053572 0.053572 0.053571 0.053571 0.053571 0.053571 0.053571 0.035715 0.035715 0.035714 0.035714
0.128757 0.128755 0.128753 0.064379 0.064379 0.064378 0.064377 0.064377 0.042919 0.042919 0.042919 0.042918 0.042918 0.025751 0.025751 0.025751
0.145279 0.145279 0.145277 0.072640 0.072639 0.072639 0.072639 0.036320 0.036320 0.036319 0.029056 0.029056 0.029056 0.029055 0.024213 0.024213
0.139214 0.139213 0.139207 0.069606 0.069606 0.069604 0.046404 0.046404 0.046404 0.046403 0.034803 0.034803 0.034803 0.027842 0.027842 0.027842
0.130438 0.130436 0.130431 0.065218 0.065218 0.065217 0.065216 0.043479 0.043478 0.043478 0.043478 0.043478 0.032609 0.032609 0.032609 0.032609
0.105264 0.105263 0.105263 0.105261 0.052632 0.052632 0.052632 0.052632 0.052632 0.052631 0.052631 0.052631 0.052631 0.035088 0.035088 0.035088
0.122450 0.122450 0.122447 0.061225 0.061225 0.061225 0.061225 0.061224 0.061224 0.040817 0.040816 0.040816 0.040816 0.040816 0.030612 0.030612
0.144581 0.072290 0.072289 0.072289 0.072289 0.072289 0.072289 0.072288 0.048193 0.048193 0.048193 0.048192 0.048192 0.036145 0.036145 0.036145
0.119050 0.119048 0.119048 0.059524 0.059524 0.059524 0.059524 0.059524 0.059524 0.059522 0.059522 0.039683 0.039682 0.039682 0.023810 0.023809
0.136673 0.136673 0.068338 0.068338 0.068337 0.068337 0.068337 0.068337 0.045559 0.045559 0.045558 0.045558 0.045558 0.034169 0.027335 0.027335
0.136365 0.136363 0.068183 0.068182 0.068182 0.068182 0.068181 0.068181 0.045455 0.045455 0.045454 0.045454 0.034091 0.034091 0.034091 0.034091
0.120002 0.120001 0.119999 0.060001 0.060001 0.060000 0.060000 0.059999 0.059999 0.059999 0.040000 0.040000 0.040000 0.040000 0.030000 0.030000
0.119524 0.119523 0.119523 0.119519 0.059762 0.059761 0.059761 0.059760 0.059760 0.039841 0.039840 0.029880 0.029880 0.029880 0.029880 0.023904
0.116508 0.116504 0.116502 0.058253 0.058253 0.058253 0.058253 0.058253 0.058252 0.058252 0.058252 0.038835 0.038835 0.038835 0.038834 0.029126
0.118814 0.118813 0.118809 0.059407 0.059407 0.059406 0.059406 0.059405 0.059405 0.059405 0.039605 0.039604 0.039604 0.039604 0.039603 0.029703
0.100002 0.100001 0.100001 0.099999 0.099999 0.099998 0.050001 0.050000 0.050000 0.049999 0.033334 0.033334 0.033333 0.033333 0.033333 0.033333
0.173911 0.086957 0.086957 0.086957 0.086956 0.057972 0.057971 0.057971 0.043478 0.043478 0.043478 0.034783 0.034783 0.034783 0.034783 0.034783
0.137299 0.137299 0.068651 0.068651 0.068650 0.068650 0.068650 0.068649 0.045767 0.045767 0.045766 0.045766 0.034325 0.034325 0.034325 0.027460
0.120002 0.120001 0.119999 0.060000 0.060000 0.060000 0.059999 0.059999 0.059999 0.040001 0.040000 0.040000 0.040000 0.040000 0.040000 0.039999
0.122451 0.122451 0.122446 0.061226 0.061225 0.061225 0.061225 0.061224 0.061224 0.040816 0.040816 0.040816 0.040816 0.040816 0.030612 0.030612
0.120002 0.119999 0.119999 0.119998 0.060001 0.060001 0.060000 0.060000 0.040000 0.040000 0.040000 0.040000 0.030000 0.030000 0.030000 0.030000
0.106197 0.106196 0.106194 0.106194 0.106192 0.053098 0.053098 0.053097 0.053097 0.053097 0.035399 0.035399 0.035398 0.035398 0.035398 0.026549
0.120242 0.120241 0.120241 0.120239 0.060121 0.060120 0.060120 0.060120 0.060120 0.040080 0.040080 0.030060 0.030060 0.030060 0.024048 0.024048
0.183487 0.091744 0.091743 0.091742 0.061162 0.061162 0.061162 0.045871 0.045871 0.045871 0.036697 0.036697 0.036697 0.036697 0.036697 0.036697
0.151135 0.075568 0.075567 0.075567 0.075566 0.075565 0.075565 0.050378 0.050378 0.050378 0.050377 0.050377 0.037783 0.037783 0.037783 0.030227
0.124999 0.124999 0.062501 0.062501 0.062501 0.062500 0.062500 0.062500 0.062500 0.062499 0.041667 0.041667 0.041667 0.041666 0.041666 0.041666
0.103450 0.103450 0.103448 0.103448 0.103446 0.051725 0.051725 0.051724 0.051724 0.051724 0.051723 0.034483 0.034483 0.034483 0.034483 0.034483
0.120003 0.119999 0.119997 0.060001 0.060000 0.060000 0.060000 0.060000 0.060000 0.059999 0.040001 0.040000 0.040000 0.040000 0.030000 0.030000
0.127662 0.127658 0.063831 0.063831 0.063830 0.063830 0.063830 0.063829 0.063829 0.063829 0.042553 0.042553 0.042553 0.042553 0.031915 0.031915
0.113209 0.113208 0.113206 0.113206 0.056604 0.056604 0.056604 0.056604 0.056604 0.056603 0.037736 0.037736 0.037736 0.037735 0.028302 0.028302
0.159152 0.159149 0.079577 0.079576 0.079576 0.079575 0.053051 0.039788 0.039788 0.039788 0.031830 0.031830 0.031830 0.031830 0.031830 0.031830
0.132745 0.132743 0.132740 0.066373 0.066372 0.066372 0.066371 0.044249 0.044248 0.044248 0.044247 0.033186 0.033186 0.033186 0.033186 0.026549
0.120002 0.120001 0.119997 0.060001 0.060001 0.060000 0.060000 0.060000 0.060000 0.059999 0.040000 0.040000 0.040000 0.039999 0.030000 0.030000
0.163489 0.163486 0.081744 0.081744 0.081744 0.054496 0.054496 0.054496 0.040872 0.032698 0.032698 0.032697 0.032697 0.032697 0.032697 0.027248
0.143197 0.071600 0.071600 0.071600 0.071599 0.071599 0.071599 0.071598 0.071598 0.047733 0.047733 0.047733 0.047732 0.035799 0.028640 0.028640
0.111113 0.111112 0.111110 0.111110 0.055556 0.055556 0.055556 0.055556 0.055555 0.055554 0.037037 0.037037 0.037037 0.037037 0.037037 0.037037
0.102566 0.102565 0.102565 0.102563 0.102562 0.051283 0.051283 0.051282 0.051282 0.051282 0.051281 0.051281 0.034188 0.034188 0.034188 0.025641
0.129314 0.129310 0.129307 0.064656 0.064656 0.064656 0.064655 0.064654 0.064654 0.043103 0.032328 0.032328 0.032328 0.032328 0.025862 0.025862
0.125789 0.125788 0.125784 0.062894 0.062893 0.062893 0.062893 0.062892 0.062892 0.041929 0.041929 0.041928 0.031447 0.031447 0.031447 0.025157
0.119049 0.119047 0.119047 0.119045 0.059525 0.059525 0.059524 0.059523 0.059523 0.039683 0.039683 0.039682 0.029762 0.029762 0.023810 0.023810
0.131579 0.131578 0.131576 0.065791 0.065790 0.065790 0.065790 0.065789 0.065789 0.032895 0.032895 0.032895 0.032895 0.026316 0.026316 0.026316
0.118113 0.118112 0.118110 0.118110 0.118108 0.059056 0.059056 0.059054 0.039370 0.039370 0.029528 0.029528 0.023622 0.023622 0.023622 0.023622
0.107145 0.107144 0.107142 0.107142 0.107140 0.053572 0.053572 0.053572 0.053571 0.053571 0.035715 0.035715 0.035714 0.035714 0.026786 0.026786
0.132745 0.132744 0.132744 0.132742 0.066372 0.066371 0.066371 0.044248 0.033186 0.033186 0.026549 0.026549 0.026549 0.026549 0.026549 0.026549
0.141845 0.141845 0.141840 0.070923 0.070922 0.070921 0.047282 0.047281 0.047281 0.035461 0.035461 0.035461 0.028369 0.028369 0.028369 0.028369
0.148516 0.074259 0.074259 0.074258 0.074257 0.074257 0.074257 0.074256 0.074256 0.049505 0.037129 0.037129 0.037129 0.037129 0.029703 0.029703
0.115385 0.115385 0.115383 0.115383 0.057693 0.057693 0.057693 0.057692 0.057692 0.038462 0.038462 0.038462 0.038461 0.038461 0.028846 0.028846
0.101696 0.101696 0.101694 0.101694 0.101692 0.050848 0.050848 0.050848 0.050848 0.050848 0.050847 0.050847 0.050847 0.033898 0.025424 0.025424
0.127934 0.127931 0.127929 0.063967 0.063967 0.063966 0.063966 0.063965 0.042644 0.042644 0.042644 0.042644 0.042644 0.031983 0.025587 0.025587
0.167132 0.167132 0.083566 0.083565 0.083565 0.055710 0.041783 0.041783 0.041782 0.033426 0.033426 0.033426 0.033426 0.033426 0.033426 0.033426
0.145280 0.145279 0.072640 0.072639 0.072639 0.072639 0.072639 0.072638 0.048426 0.036319 0.036319 0.036319 0.029056 0.029056 0.029055 0.029055
0.166201 0.083104 0.083103 0.083103 0.083102 0.083101 0.055403 0.055402 0.041551 0.041551 0.041551 0.041551 0.041551 0.033241 0.033241 0.033241
0.147061 0.147058 0.147055 0.073530 0.073529 0.049020 0.049019 0.049019 0.036765 0.036765 0.036765 0.036765 0.029412 0.029412 0.029412 0.029412
0.107145 0.107144 0.107144 0.107142 0.107140 0.053572 0.053572 0.053572 0.053571 0.053571 0.035715 0.035714 0.035714 0.035714 0.026786 0.026786
0.165748 0.165746 0.082873 0.082873 0.082872 0.055249 0.041436 0.041436 0.041436 0.041436 0.033149 0.033149 0.033149 0.033149 0.033149 0.033149
0.141179 0.141177 0.141174 0.070589 0.070589 0.070588 0.070587 0.047059 0.035294 0.035294 0.035294 0.028235 0.028235 0.028235 0.028235 0.028235
0.139214 0.139210 0.139208 0.069607 0.069605 0.069605 0.046404 0.046404 0.046404 0.046403 0.034803 0.034803 0.034803 0.027842 0.027842 0.027842
0.108110 0.108109 0.108109 0.108107 0.108105 0.054055 0.054055 0.054054 0.054054 0.054053 0.036036 0.036036 0.036036 0.027027 0.027027 0.027027
0.111113 0.111112 0.111112 0.111110 0.055556 0.055556 0.055555 0.055555 0.055555 0.055555 0.037037 0.037037 0.037037 0.037037 0.037037 0.037036
0.117648 0.117648 0.117646 0.058824 0.058824 0.058824 0.058824 0.058823 0.058823 0.058823 0.058823 0.039216 0.039216 0.039215 0.029412 0.029412
0.155040 0.155037 0.077520 0.077520 0.077520 0.077519 0.051680 0.051680 0.051679 0.038760 0.031008 0.031008 0.031008 0.031008 0.031008 0.031008
0.143542 0.143539 0.071771 0.071771 0.071771 0.071770 0.071770 0.071769 0.047847 0.047847 0.035885 0.035885 0.028708 0.028708 0.028708 0.028708
0.120002 0.119999 0.119999 0.119997 0.060001 0.060001 0.060000 0.060000 0.040000 0.040000 0.040000 0.040000 0.030000 0.030000 0.030000 0.030000
0.105822 0.105821 0.105821 0.105819 0.105819 0.105817 0.052910 0.052910 0.052909 0.035274 0.035273 0.035273 0.026455 0.026455 0.026455 0.021164
0.102566 0.102565 0.102565 0.102563 0.102563 0.102562 0.051283 0.051282 0.051282 0.051281 0.034188 0.034188 0.034188 0.025641 0.025641 0.025641
0.105266 0.105265 0.105263 0.105262 0.105261 0.052632 0.052632 0.052632 0.052631 0.052631 0.035088 0.035088 0.035088 0.035088 0.035088 0.035087
0.101696 0.101696 0.101694 0.101694 0.101692 0.050848 0.050848 0.050848 0.050848 0.050847 0.050847 0.050847 0.033899 0.033899 0.033898 0.033898
0.105265 0.105263 0.105263 0.105261 0.052633 0.052633 0.052632 0.052632 0.052632 0.052632 0.052631 0.052631 0.052631 0.035088 0.035088 0.035088
0.137933 0.137932 0.068966 0.068966 0.068965 0.068965 0.068965 0.045977 0.045977 0.045977 0.045977 0.045976 0.045976 0.034483 0.034483 0.034483
0.134230 0.134229 0.067115 0.067115 0.067114 0.067114 0.067114 0.067114 0.067113 0.044743 0.044742 0.044742 0.033557 0.033557 0.033557 0.026846
0.128481 0.128480 0.128478 0.064240 0.064240 0.064240 0.064239 0.064239 0.042827 0.042827 0.042827 0.042826 0.032120 0.032120 0.032120 0.025696
0.137301 0.137300 0.068651 0.068651 0.068650 0.068650 0.068649 0.068648 0.045767 0.045767 0.045766 0.045766 0.034325 0.034325 0.034325 0.027460
0.125001 0.125001 0.124999 0.124999 0.062501 0.062501 0.062500 0.062500 0.062499 0.031250 0.031250 0.025000 0.025000 0.025000 0.025000 0.025000
0.124484 0.124482 0.124480 0.062242 0.062241 0.062241 0.062240 0.062240 0.062239 0.041494 0.041494 0.041493 0.041493 0.031120 0.031120 0.024896
0.127661 0.127658 0.063831 0.063831 0.063830 0.063830 0.063829 0.063829 0.063829 0.042554 0.042553 0.042553 0.042553 0.042553 0.042553 0.042553
0.115386 0.115386 0.115381 0.057693 0.057693 0.057693 0.057692 0.057692 0.057692 0.057692 0.057692 0.038462 0.038462 0.038462 0.038461 0.038461
0.107145 0.107144 0.107144 0.107142 0.053572 0.053572 0.053572 0.053571 0.053571 0.053571 0.053570 0.053570 0.035715 0.035714 0.035714 0.035714
0.101696 0.101696 0.101696 0.101694 0.101694 0.050848 0.050848 0.050848 0.050847 0.050847 0.050847 0.050847 0.033898 0.033898 0.033898 0.033898
0.161076 0.161075 0.161071 0.080538 0.080537 0.040268 0.040268 0.040268 0.032215 0.032215 0.032215 0.032215 0.032214 0.026846 0.026846 0.020134
0.140189 0.140188 0.140185 0.070094 0.070094 0.070093 0.070092 0.046728 0.035047 0.035047 0.035047 0.035047 0.028037 0.028037 0.028037 0.028037
0.173912 0.086958 0.086957 0.086956 0.086955 0.057972 0.057971 0.057971 0.043478 0.043478 0.043478 0.034783 0.034783 0.034783 0.034783 0.034783
0.152674 0.152669 0.076337 0.076336 0.076336 0.076335 0.050891 0.050890 0.050890 0.038168 0.038168 0.038168 0.030535 0.030535 0.030534 0.030534
0.153063 0.153062 0.153059 0.076531 0.076531 0.076530 0.038265 0.038265 0.030612 0.030612 0.030612 0.030612 0.030612 0.030612 0.025510 0.025510
0.141178 0.141175 0.141175 0.070589 0.070589 0.070588 0.070588 0.047059 0.035294 0.035294 0.035294 0.028235 0.028235 0.028235 0.028235 0.028235
0.120000 0.120000 0.119998 0.060001 0.060001 0.060001 0.060000 0.060000 0.059999 0.059999 0.040001 0.040000 0.040000 0.040000 0.030000 0.030000
0.123969 0.123966 0.123964 0.061985 0.061984 0.061984 0.061984 0.061983 0.061983 0.061983 0.041322 0.041322 0.030992 0.030992 0.024793 0.024793
0.123459 0.123456 0.123456 0.123454 0.061730 0.061729 0.061728 0.061728 0.041153 0.041152 0.041152 0.030864 0.030864 0.024692 0.024691 0.024691
0.113210 0.113207 0.113207 0.056605 0.056604 0.056604 0.056604 0.056603 0.056603 0.056603 0.056603 0.056603 0.037736 0.037736 0.037736 0.037736
0.104350 0.104349 0.104349 0.104347 0.104347 0.052175 0.052174 0.052174 0.052174 0.052173 0.052173 0.034783 0.034783 0.034782 0.034782 0.026087
0.109093 0.109092 0.109090 0.109088 0.054546 0.054546 0.054546 0.054545 0.054545 0.054545 0.054545 0.036364 0.036364 0.036364 0.036364 0.036364
0.125000 0.125000 0.124998 0.062501 0.062501 0.062501 0.062500 0.062499 0.041667 0.041667 0.041667 0.041667 0.041667 0.041666 0.031250 0.031250
0.142182 0.142179 0.142179 0.071090 0.071090 0.071090 0.071089 0.047394 0.035545 0.035545 0.028436 0.028436 0.028436 0.028436 0.028436 0.028436
0.121953 0.121952 0.121950 0.060976 0.060976 0.060976 0.060975 0.060975 0.060975 0.040651 0.040651 0.040651 0.040650 0.040650 0.040650 0.024390
0.133334 0.133334 0.066668 0.066667 0.066667 0.066667 0.066667 0.066666 0.066665 0.044445 0.044444 0.044444 0.033333 0.033333 0.033333 0.033333
0.127661 0.127659 0.127656 0.063831 0.063831 0.063830 0.063829 0.042554 0.042554 0.042554 0.042553 0.042553 0.042553 0.042553 0.031915 0.031915
0.126315 0.126313 0.063159 0.063159 0.063159 0.063158 0.063158 0.063158 0.063158 0.063158 0.042106 0.042106 0.042105 0.042105 0.042105 0.031579
0.117189 0.117189 0.117187 0.117187 0.058594 0.058594 0.058594 0.058593 0.058593 0.039063 0.039063 0.039062 0.039062 0.029297 0.029297 0.023438
0.150375 0.075188 0.075188 0.075188 0.075188 0.075187 0.075187 0.050126 0.050126 0.050126 0.050125 0.050125 0.050125 0.037594 0.030075 0.030075
0.103807 0.103806 0.103806 0.103806 0.069204 0.069204 0.051903 0.051903 0.051903 0.041523 0.041522 0.041522 0.041522 0.041522 0.041522 0.041522
0.140846 0.140846 0.140843 0.070423 0.070423 0.070422 0.046949 0.046949 0.046948 0.035211 0.035211 0.035211 0.035211 0.028169 0.028169 0.028169
0.147419 0.073711 0.073711 0.073711 0.073710 0.073710 0.073709 0.073709 0.049141 0.049140 0.049140 0.049140 0.036855 0.036855 0.036855 0.029484
0.154642 0.154640 0.077320 0.077319 0.077318 0.051547 0.051547 0.051546 0.051546 0.051545 0.038660 0.038660 0.030928 0.030928 0.030928 0.030928
0.122952 0.122950 0.122950 0.122948 0.061476 0.061476 0.061476 0.061476 0.040984 0.040984 0.040983 0.040983 0.024590 0.024590 0.024590 0.024590
0.134830 0.134830 0.067417 0.067416 0.067416 0.067416 0.067416 0.067415 0.044944 0.044944 0.044944 0.044944 0.044943 0.033708 0.033708 0.033708
0.130437 0.130436 0.065218 0.065218 0.065217 0.065217 0.065217 0.065216 0.065216 0.043479 0.043478 0.043478 0.043478 0.043478 0.032609 0.032609
0.185761 0.185759 0.092879 0.061920 0.046439 0.046439 0.046439 0.037152 0.037152 0.037152 0.037152 0.037152 0.037151 0.037151 0.037151 0.037151
0.119050 0.119049 0.119046 0.119046 0.059525 0.059524 0.059524 0.059524 0.059523 0.039683 0.039682 0.039682 0.029762 0.029762 0.023810 0.023810
0.146701 0.073351 0.073350 0.073350 0.073350 0.073349 0.073349 0.073348 0.073348 0.048899 0.048899 0.036675 0.036675 0.036675 0.029340 0.029340
0.139862 0.139859 0.139859 0.069931 0.069929 0.046621 0.046620 0.046620 0.046620 0.046620 0.046619 0.034965 0.034965 0.034965 0.027972 0.027972
0.139534 0.069769 0.069768 0.069768 0.069768 0.069768 0.069767 0.069767 0.069766 0.069766 0.046512 0.046512 0.034884 0.034884 0.034884 0.034884
0.123713 0.123711 0.123709 0.061856 0.061856 0.061856 0.061855 0.061855 0.061855 0.041238 0.041238 0.041238 0.041237 0.030928 0.030928 0.030928
0.111113 0.111112 0.111112 0.055556 0.055556 0.055556 0.055556 0.055555 0.055555 0.055555 0.055555 0.055555 0.055554 0.037037 0.037037 0.037036
0.123713 0.123713 0.123710 0.061856 0.061856 0.061855 0.061855 0.061855 0.041238 0.041237 0.041237 0.041237 0.041237 0.041237 0.041237 0.030928
0.090910 0.090910 0.090910 0.090909 0.090909 0.090908 0.060606 0.060606 0.060606 0.045454 0.045454 0.036364 0.036364 0.036364 0.036364 0.036364
0.116507 0.116506 0.116504 0.116502 0.058253 0.058253 0.058252 0.058252 0.038836 0.038835 0.038835 0.038835 0.038835 0.038835 0.038834 0.029126
0.110094 0.110093 0.110093 0.110091 0.110089 0.055047 0.055046 0.055045 0.055045 0.036698 0.036697 0.036697 0.036697 0.027523 0.027523 0.027523
0.112151 0.112151 0.112149 0.112147 0.056076 0.056075 0.056075 0.056075 0.056074 0.056074 0.037384 0.037383 0.037383 0.037383 0.037383 0.028037
0.127661 0.127660 0.127660 0.127658 0.063830 0.063830 0.063830 0.063829 0.042553 0.031915 0.031915 0.025532 0.025532 0.025532 0.025532 0.025532
0.124483 0.124482 0.124480 0.062241 0.062241 0.062241 0.062241 0.062240 0.062240 0.041494 0.041494 0.041494 0.041493 0.031120 0.031120 0.024896
0.132745 0.132744 0.066372 0.066372 0.066372 0.066372 0.066371 0.066371 0.066370 0.044248 0.044248 0.044248 0.044247 0.033186 0.033186 0.026549
0.126584 0.126581 0.126581 0.063292 0.063292 0.063291 0.063291 0.063291 0.063290 0.042195 0.042194 0.042194 0.031645 0.031645 0.025316 0.025316
0.105266 0.105265 0.105263 0.105263 0.105261 0.052632 0.052632 0.052631 0.052631 0.052631 0.035088 0.035088 0.035088 0.035088 0.035088 0.035087
0.100002 0.100001 0.100001 0.099999 0.099999 0.050001 0.050000 0.050000 0.050000 0.050000 0.050000 0.049999 0.049999 0.033334 0.033333 0.033333
0.102566 0.102565 0.102565 0.102563 0.102563 0.051283 0.051282 0.051282 0.051282 0.051282 0.051281 0.051281 0.034188 0.034188 0.034188 0.025641
0.153455 0.153449 0.076727 0.076727 0.076726 0.051151 0.051151 0.051151 0.051150 0.051150 0.038363 0.038363 0.038363 0.030691 0.030691 0.030691
0.144232 0.144229 0.072116 0.072116 0.072115 0.072115 0.072115 0.048077 0.048077 0.048077 0.048077 0.036058 0.036058 0.028846 0.028846 0.028846
0.118813 0.118813 0.118811 0.059407 0.059406 0.059406 0.059406 0.059406 0.059405 0.059405 0.039604 0.039604 0.039604 0.039604 0.039603 0.029703
0.133332 0.066668 0.066668 0.066667 0.066667 0.066667 0.066666 0.066666 0.066666 0.066666 0.044445 0.044445 0.044444 0.044444 0.044444 0.044444
0.122450 0.122450 0.122448 0.061225 0.061225 0.061225 0.061224 0.061224 0.061223 0.040817 0.040817 0.040816 0.040816 0.040816 0.030612 0.030612
