0.137615 0.137615 0.137612 0.068808 0.068808 0.068807 0.068807 0.045872 0.045871 0.034404 0.034404 0.034404 0.034404 0.027523 0.027523 0.027523
0.133929 0.133929 0.133926 0.066965 0.066965 0.066964 0.066964 0.066964 0.044643 0.044643 0.033482 0.033482 0.026786 0.026786 0.026786 0.026786
0.120971 0.120967 0.120967 0.120965 0.060485 0.060485 0.060484 0.060483 0.060483 0.040323 0.040322 0.030242 0.030242 0.024194 0.024194 0.024194
0.143887 0.143886 0.143883 0.071943 0.071943 0.071943 0.071941 0.047962 0.035971 0.028777 0.028777 0.028777 0.028777 0.028777 0.028777 0.023981
0.107145 0.107144 0.107142 0.107140 0.053572 0.053572 0.053572 0.053572 0.053571 0.053571 0.053571 0.053571 0.035715 0.035714 0.035714 0.035714
0.100002 0.100001 0.099999 0.099999 0.099998 0.050001 0.050000 0.050000 0.050000 0.050000 0.050000 0.049999 0.049999 0.033334 0.033333 0.033333
0.138570 0.138569 0.138566 0.069285 0.069284 0.069284 0.069284 0.046189 0.046189 0.034642 0.034642 0.034642 0.027714 0.027714 0.027714 0.027714
0.141178 0.141175 0.141175 0.070589 0.070589 0.070589 0.070588 0.047059 0.035294 0.035294 0.035294 0.028235 0.028235 0.028235 0.028235 0.028235
0.111113 0.111111 0.111111 0.111109 0.055557 0.055556 0.055556 0.055555 0.055555 0.055555 0.055555 0.037038 0.037037 0.037037 0.027778 0.027778
0.110094 0.110093 0.110091 0.110089 0.055047 0.055046 0.055046 0.055046 0.055046 0.055045 0.055045 0.036698 0.036697 0.036697 0.036697 0.027523
0.169016 0.084508 0.084507 0.084507 0.084507 0.084506 0.056338 0.056338 0.042253 0.042253 0.042253 0.033803 0.033803 0.033803 0.033803 0.033803
0.113210 0.113209 0.113207 0.113205 0.056605 0.056604 0.056604 0.056603 0.056603 0.056603 0.037736 0.037736 0.037736 0.037735 0.028302 0.028302
0.160430 0.160426 0.080215 0.080214 0.080214 0.080213 0.053476 0.040107 0.040107 0.032086 0.032086 0.032086 0.032086 0.032085 0.032085 0.032085
0.125002 0.125000 0.124997 0.062501 0.062501 0.062500 0.062500 0.062499 0.062499 0.041667 0.041667 0.041666 0.031250 0.031250 0.031250 0.031250
0.127659 0.127659 0.127657 0.063831 0.063831 0.063830 0.063829 0.063829 0.042554 0.042554 0.042553 0.042553 0.031915 0.031915 0.031915 0.031915
0.142182 0.142181 0.142178 0.071091 0.071090 0.071090 0.071089 0.047393 0.035545 0.035545 0.028436 0.028436 0.028436 0.028436 0.028436 0.028436
0.133040 0.133038 0.133036 0.066520 0.066519 0.066519 0.066519 0.066518 0.044346 0.044346 0.033259 0.033259 0.033259 0.026608 0.026608 0.026607
0.105266 0.105265 0.105263 0.105262 0.105261 0.052633 0.052632 0.052632 0.052631 0.052631 0.052631 0.035088 0.035088 0.035088 0.026316 0.026316
0.140848 0.140844 0.070423 0.070423 0.070423 0.070422 0.070422 0.070421 0.046949 0.046948 0.046948 0.035211 0.035211 0.028169 0.028169 0.028169
0.143200 0.143197 0.071600 0.071599 0.071599 0.071598 0.071598 0.047733 0.047733 0.047732 0.047732 0.035800 0.035799 0.035799 0.028640 0.028640
0.129872 0.129869 0.129867 0.064936 0.064936 0.064935 0.064935 0.064935 0.043290 0.043290 0.043290 0.032468 0.032468 0.032468 0.032468 0.025974
0.133040 0.133038 0.133036 0.066520 0.066519 0.066519 0.066519 0.066518 0.044346 0.044346 0.033259 0.033259 0.033259 0.026608 0.026608 0.026608
0.110095 0.110091 0.110091 0.110089 0.055047 0.055046 0.055046 0.055046 0.055046 0.055045 0.055045 0.036698 0.036697 0.036697 0.036697 0.027523
0.139860 0.139858 0.069931 0.069931 0.069931 0.069930 0.069930 0.069929 0.046621 0.046620 0.046620 0.034965 0.034965 0.034965 0.027972 0.027972
0.145987 0.145984 0.072993 0.072993 0.072992 0.072992 0.072992 0.048662 0.048662 0.048662 0.036496 0.036496 0.036496 0.029197 0.029197 0.029197
0.123714 0.123710 0.123710 0.061857 0.061856 0.061856 0.061856 0.061855 0.061855 0.041237 0.041237 0.041237 0.041237 0.030928 0.030928 0.030928
0.110094 0.110091 0.110091 0.110089 0.055047 0.055046 0.055046 0.055046 0.055046 0.055045 0.055045 0.036698 0.036697 0.036697 0.036697 0.027523
0.110094 0.110093 0.110091 0.110089 0.055047 0.055046 0.055046 0.055046 0.055046 0.055045 0.055045 0.036698 0.036697 0.036697 0.036697 0.027523
0.126053 0.126050 0.126048 0.063026 0.063026 0.063025 0.063025 0.063024 0.063024 0.042017 0.042017 0.042017 0.042016 0.025210 0.025210 0.025210
0.119050 0.119047 0.119047 0.119045 0.059525 0.059524 0.059524 0.059524 0.059523 0.039683 0.039682 0.039682 0.029762 0.029762 0.023810 0.023810
0.150000 0.149998 0.075001 0.075001 0.075000 0.074999 0.074999 0.050000 0.050000 0.037500 0.037500 0.030000 0.030000 0.030000 0.030000 0.030000
0.151899 0.151899 0.151896 0.075950 0.075949 0.050633 0.050633 0.037975 0.037975 0.037975 0.030380 0.030380 0.030380 0.030380 0.030380 0.025317
0.106197 0.106196 0.106194 0.106194 0.106192 0.053098 0.053098 0.053098 0.053097 0.053097 0.053097 0.035398 0.035398 0.026549 0.026549 0.026549
0.102566 0.102565 0.102563 0.102563 0.102562 0.051283 0.051282 0.051282 0.051282 0.051282 0.051281 0.051281 0.034188 0.034188 0.034188 0.025641
0.143887 0.143884 0.143884 0.071943 0.071943 0.071942 0.071942 0.047962 0.035971 0.028777 0.028777 0.028777 0.028777 0.028777 0.028777 0.023981
0.135137 0.135133 0.067568 0.067568 0.067568 0.067568 0.067567 0.067567 0.067567 0.045045 0.045045 0.045045 0.033784 0.033784 0.027027 0.027027
0.123969 0.123968 0.123965 0.123965 0.061984 0.061984 0.061984 0.061983 0.041323 0.041322 0.030992 0.030992 0.030992 0.030992 0.024793 0.024793
0.096775 0.096775 0.096774 0.096774 0.096772 0.048388 0.048388 0.048387 0.048387 0.048387 0.048387 0.048387 0.048387 0.048386 0.048386 0.032258
0.101696 0.101694 0.101694 0.101693 0.050848 0.050848 0.050848 0.050848 0.050848 0.050848 0.050847 0.050847 0.050847 0.050847 0.050847 0.033899
0.116506 0.116505 0.116505 0.116503 0.058253 0.058253 0.058252 0.058252 0.058252 0.038835 0.038835 0.038835 0.038835 0.029126 0.029126 0.029126
0.090911 0.090910 0.090910 0.090908 0.090908 0.090907 0.045455 0.045455 0.045455 0.045455 0.045455 0.045454 0.045454 0.045454 0.045454 0.045454
0.096776 0.096775 0.096774 0.096773 0.096772 0.048388 0.048388 0.048387 0.048387 0.048387 0.048387 0.048387 0.048387 0.048386 0.048386 0.032259
0.110094 0.110093 0.110091 0.110089 0.055047 0.055047 0.055046 0.055046 0.055045 0.055045 0.055045 0.036698 0.036697 0.036697 0.036697 0.027523
0.096776 0.096775 0.096773 0.096773 0.096772 0.048388 0.048388 0.048388 0.048387 0.048387 0.048387 0.048387 0.048387 0.048387 0.048386 0.032258
0.098363 0.098362 0.098360 0.098360 0.098358 0.049181 0.049181 0.049181 0.049180 0.049180 0.049180 0.049180 0.049180 0.049180 0.032787 0.032787
0.101697 0.101696 0.101694 0.101692 0.050848 0.050848 0.050848 0.050848 0.050848 0.050848 0.050847 0.050847 0.050847 0.050847 0.050847 0.033899
0.111114 0.111111 0.111111 0.111108 0.055557 0.055556 0.055556 0.055556 0.055555 0.055555 0.055555 0.037037 0.037037 0.037037 0.027778 0.027778
0.131579 0.131579 0.131577 0.065790 0.065790 0.065790 0.065789 0.065789 0.043860 0.043860 0.043859 0.032895 0.032895 0.026316 0.026316 0.026316
0.168066 0.168066 0.084034 0.084034 0.084033 0.056023 0.042017 0.042017 0.042017 0.033614 0.033614 0.033614 0.033613 0.033613 0.033613 0.028011
0.110094 0.110093 0.110091 0.110091 0.110089 0.055047 0.055046 0.055046 0.055045 0.036698 0.036697 0.036697 0.036697 0.027523 0.027523 0.027523
0.141846 0.141843 0.141841 0.070923 0.070922 0.070921 0.047282 0.047281 0.047281 0.035461 0.035461 0.035461 0.028369 0.028369 0.028369 0.028369
0.191081 0.095543 0.095542 0.095541 0.063695 0.047771 0.047771 0.047771 0.047771 0.038217 0.038217 0.038217 0.038216 0.038216 0.038216 0.038216
0.127934 0.127932 0.127930 0.063967 0.063966 0.063966 0.063966 0.063966 0.063965 0.042644 0.042644 0.031983 0.031983 0.031983 0.025586 0.025586
0.093752 0.093751 0.093751 0.093749 0.093749 0.093747 0.046876 0.046876 0.046875 0.046875 0.046875 0.046875 0.046875 0.046875 0.031250 0.031250
0.092310 0.092309 0.092309 0.092307 0.092307 0.092305 0.046155 0.046155 0.046154 0.046154 0.046154 0.046154 0.046154 0.046153 0.046153 0.030770
0.105265 0.105264 0.105264 0.105261 0.052632 0.052632 0.052632 0.052632 0.052631 0.052631 0.052631 0.052631 0.052631 0.035088 0.035088 0.035088
0.105265 0.105264 0.105264 0.105260 0.052632 0.052632 0.052632 0.052632 0.052632 0.052631 0.052631 0.052631 0.052631 0.035088 0.035088 0.035088
0.105265 0.105264 0.105264 0.105260 0.052632 0.052632 0.052632 0.052632 0.052631 0.052631 0.052631 0.052631 0.052630 0.035088 0.035088 0.035088
0.090911 0.090910 0.090910 0.090908 0.090908 0.090907 0.045455 0.045455 0.045455 0.045455 0.045455 0.045455 0.045454 0.045454 0.045454 0.045454
0.103450 0.103448 0.103448 0.103446 0.051725 0.051725 0.051725 0.051725 0.051724 0.051724 0.051724 0.051724 0.051723 0.051723 0.034483 0.034483
0.101697 0.101696 0.101696 0.101692 0.050848 0.050848 0.050848 0.050848 0.050847 0.050847 0.050847 0.050847 0.050847 0.050847 0.050847 0.033899
0.100002 0.100001 0.099999 0.099999 0.099998 0.050001 0.050001 0.050000 0.050000 0.050000 0.050000 0.049999 0.049999 0.033334 0.033334 0.033333
0.111112 0.111112 0.111112 0.111110 0.055556 0.055556 0.055556 0.055555 0.055555 0.055555 0.055555 0.037037 0.037037 0.037037 0.027778 0.027778
0.098363 0.098362 0.098362 0.098360 0.098358 0.049181 0.049181 0.049181 0.049180 0.049180 0.049180 0.049180 0.049179 0.049179 0.032787 0.032787
0.101697 0.101696 0.101694 0.101694 0.101692 0.050848 0.050848 0.050848 0.050847 0.050847 0.050847 0.050847 0.033899 0.033899 0.033899 0.033898
0.111113 0.111112 0.111112 0.111110 0.055556 0.055556 0.055556 0.055556 0.055555 0.055555 0.055555 0.037037 0.037037 0.037037 0.027778 0.027778
0.120241 0.120241 0.120239 0.120239 0.060121 0.060121 0.060121 0.060120 0.060120 0.040081 0.040080 0.030060 0.030060 0.030060 0.024048 0.024048
0.103449 0.103449 0.103447 0.103446 0.051725 0.051725 0.051725 0.051725 0.051724 0.051724 0.051724 0.051724 0.051723 0.051723 0.034483 0.034483
0.122451 0.122450 0.061225 0.061225 0.061225 0.061225 0.061224 0.061224 0.061224 0.061223 0.061223 0.040817 0.040816 0.040816 0.040816 0.040816
0.107144 0.107144 0.107142 0.107142 0.053572 0.053572 0.053572 0.053572 0.053571 0.053571 0.053571 0.053571 0.035715 0.035714 0.035714 0.035714
0.101697 0.101696 0.101696 0.101694 0.101692 0.050848 0.050848 0.050848 0.050848 0.050847 0.050847 0.050847 0.033898 0.033898 0.033898 0.033898
0.096776 0.096775 0.096775 0.096773 0.096772 0.048388 0.048388 0.048387 0.048387 0.048387 0.048387 0.048387 0.048387 0.048386 0.048386 0.032258
0.125787 0.125787 0.125784 0.062894 0.062894 0.062893 0.062893 0.062893 0.062892 0.041929 0.041929 0.041929 0.031446 0.031446 0.031446 0.025157
0.107144 0.107144 0.107142 0.107140 0.053572 0.053572 0.053572 0.053572 0.053571 0.053571 0.053571 0.053571 0.035715 0.035715 0.035714 0.035714
0.096776 0.096775 0.096775 0.096773 0.096772 0.048388 0.048388 0.048387 0.048387 0.048387 0.048387 0.048387 0.048387 0.048386 0.048386 0.032258
0.115386 0.115385 0.115385 0.115383 0.057693 0.057693 0.057693 0.057692 0.057692 0.057691 0.038462 0.038462 0.028846 0.028846 0.028846 0.028846
0.114288 0.114285 0.114285 0.114283 0.057144 0.057143 0.057143 0.057143 0.057143 0.057142 0.038096 0.038095 0.038095 0.028572 0.028572 0.028572
0.101697 0.101696 0.101694 0.101694 0.101692 0.050848 0.050848 0.050848 0.050847 0.050847 0.050847 0.050847 0.033899 0.033898 0.033898 0.033898
0.107145 0.107144 0.107142 0.107141 0.053572 0.053572 0.053572 0.053572 0.053571 0.053571 0.053571 0.053571 0.035715 0.035714 0.035714 0.035714
0.137300 0.137298 0.068651 0.068650 0.068650 0.068650 0.068649 0.068649 0.045767 0.045767 0.045767 0.045766 0.034325 0.034325 0.034325 0.027460
0.188086 0.094044 0.094044 0.094043 0.062696 0.062696 0.047022 0.047022 0.047022 0.037618 0.037618 0.037618 0.037618 0.037618 0.037618 0.037618
0.116507 0.116506 0.116504 0.116504 0.058253 0.058252 0.058252 0.058251 0.058251 0.038835 0.038835 0.038835 0.038834 0.029126 0.029126 0.029126
0.117648 0.117646 0.117646 0.058824 0.058824 0.058824 0.058824 0.058823 0.058823 0.058823 0.058823 0.039216 0.039216 0.039215 0.029412 0.029412
0.119762 0.119760 0.119760 0.119758 0.059881 0.059881 0.059881 0.059880 0.059880 0.039921 0.039920 0.039920 0.029940 0.023952 0.023952 0.023952
0.179643 0.179642 0.089820 0.089819 0.059880 0.044910 0.044910 0.035928 0.035928 0.035928 0.035928 0.035928 0.035928 0.035928 0.029940 0.029940
0.114944 0.114943 0.114943 0.114941 0.057472 0.057471 0.057471 0.057471 0.057471 0.057470 0.038314 0.038314 0.038314 0.028735 0.028735 0.022988
0.093752 0.093751 0.093751 0.093749 0.093749 0.093747 0.046876 0.046875 0.046875 0.046875 0.046875 0.046875 0.046874 0.046874 0.031250 0.031250
0.095240 0.095239 0.095239 0.095237 0.095237 0.095235 0.047620 0.047620 0.047619 0.047619 0.047619 0.047619 0.047618 0.031746 0.031746 0.031746
0.117648 0.117646 0.117644 0.058824 0.058824 0.058824 0.058824 0.058824 0.058823 0.058823 0.039216 0.039216 0.039216 0.039215 0.039215 0.039215
0.138569 0.138569 0.138566 0.069285 0.069284 0.069284 0.069284 0.046190 0.046189 0.034642 0.034642 0.034642 0.027714 0.027714 0.027714 0.027714
0.109093 0.109092 0.109092 0.109088 0.054546 0.054546 0.054546 0.054545 0.054545 0.054545 0.054544 0.036364 0.036364 0.036364 0.036363 0.036363
0.100002 0.100001 0.100001 0.099999 0.099997 0.050001 0.050000 0.050000 0.050000 0.050000 0.050000 0.049999 0.049999 0.033334 0.033334 0.033333
0.096776 0.096775 0.096775 0.096773 0.096773 0.048388 0.048388 0.048387 0.048387 0.048387 0.048387 0.048387 0.048387 0.048386 0.048386 0.032258
0.105265 0.105264 0.105262 0.105262 0.052632 0.052632 0.052632 0.052632 0.052631 0.052631 0.052631 0.052631 0.052631 0.035088 0.035088 0.035088
0.113209 0.113208 0.113208 0.056604 0.056604 0.056604 0.056604 0.056604 0.056604 0.056603 0.056602 0.056602 0.037736 0.037736 0.037736 0.037736
0.113208 0.113206 0.113206 0.056605 0.056605 0.056604 0.056604 0.056604 0.056604 0.056603 0.056603 0.056603 0.037736 0.037736 0.037736 0.037736
0.103449 0.103449 0.103448 0.103446 0.051725 0.051725 0.051725 0.051725 0.051724 0.051724 0.051724 0.051724 0.051723 0.051723 0.034483 0.034483
0.100002 0.100001 0.100001 0.099999 0.099997 0.050001 0.050000 0.050000 0.050000 0.050000 0.050000 0.049999 0.049999 0.033334 0.033334 0.033333
0.096776 0.096775 0.096775 0.096773 0.096773 0.096772 0.048388 0.048388 0.048387 0.048387 0.048387 0.048386 0.032258 0.032258 0.032258 0.032258
0.117648 0.117648 0.117646 0.117646 0.058824 0.058824 0.058824 0.058823 0.058823 0.039216 0.039216 0.039216 0.029412 0.029412 0.029412 0.029412
0.109090 0.109090 0.109088 0.054547 0.054547 0.054546 0.054546 0.054546 0.054546 0.054545 0.054545 0.054545 0.054545 0.054545 0.036364 0.036364
0.105265 0.105264 0.105262 0.105262 0.105261 0.052632 0.052632 0.052631 0.052631 0.052631 0.035088 0.035088 0.035088 0.035088 0.035087 0.035087
0.092309 0.092309 0.092309 0.092307 0.092307 0.092306 0.046155 0.046155 0.046154 0.046154 0.046154 0.046154 0.046154 0.046153 0.046153 0.030770
0.117650 0.117648 0.117644 0.058824 0.058824 0.058824 0.058823 0.058823 0.058823 0.058823 0.039216 0.039216 0.039216 0.039216 0.039216 0.039215
0.090911 0.090910 0.090910 0.090908 0.090908 0.090907 0.045455 0.045455 0.045455 0.045455 0.045455 0.045455 0.045454 0.045454 0.045454 0.045454
0.111113 0.111110 0.111108 0.055556 0.055556 0.055556 0.055556 0.055556 0.055556 0.055556 0.055555 0.055555 0.055555 0.037038 0.037037 0.037037
0.141178 0.141175 0.141175 0.070589 0.070589 0.070589 0.070588 0.047059 0.035294 0.035294 0.035294 0.028235 0.028235 0.028235 0.028235 0.028235
0.118814 0.118811 0.118809 0.059407 0.059407 0.059407 0.059406 0.059406 0.059405 0.059405 0.039605 0.039604 0.039604 0.039604 0.039604 0.029703
0.095240 0.095239 0.095239 0.095237 0.095236 0.047620 0.047620 0.047619 0.047619 0.047619 0.047619 0.047619 0.047619 0.047619 0.047619 0.047618
0.143199 0.143196 0.071600 0.071599 0.071599 0.071599 0.071598 0.047733 0.047733 0.047733 0.047733 0.035799 0.035799 0.035799 0.028640 0.028640
0.130434 0.065219 0.065218 0.065218 0.065218 0.065218 0.065217 0.065217 0.065217 0.065216 0.065216 0.043479 0.043479 0.043479 0.043478 0.043478
0.100002 0.100001 0.100000 0.099999 0.099999 0.050001 0.050001 0.050000 0.050000 0.050000 0.050000 0.050000 0.049999 0.033334 0.033333 0.033333
0.114288 0.114287 0.114285 0.114283 0.057143 0.057143 0.057143 0.057143 0.057142 0.057142 0.038096 0.038095 0.038095 0.028572 0.028572 0.028571
0.109692 0.109691 0.109689 0.109689 0.109687 0.054845 0.054845 0.054844 0.054844 0.054844 0.036563 0.036563 0.027422 0.027422 0.027422 0.021938
0.093752 0.093751 0.093751 0.093749 0.093749 0.093748 0.046876 0.046875 0.046875 0.046875 0.046875 0.046875 0.046874 0.046874 0.031250 0.031250
0.092309 0.092308 0.092308 0.092307 0.092307 0.092305 0.046154 0.046154 0.046154 0.046154 0.046154 0.046154 0.046154 0.046153 0.046153 0.030769
0.134230 0.134229 0.134229 0.067115 0.067114 0.067114 0.067113 0.044743 0.044743 0.044742 0.033557 0.033557 0.033557 0.033557 0.033557 0.026846
0.103450 0.103449 0.103449 0.103447 0.103447 0.051725 0.051724 0.051724 0.051724 0.051724 0.051724 0.051723 0.034483 0.034483 0.025862 0.025862
0.100002 0.100001 0.099999 0.099999 0.099997 0.050001 0.050001 0.050000 0.050000 0.050000 0.050000 0.049999 0.049999 0.033334 0.033333 0.033333
0.101696 0.101696 0.101696 0.101694 0.101692 0.050848 0.050848 0.050848 0.050848 0.050847 0.050847 0.050847 0.033899 0.033898 0.033898 0.033898
0.116506 0.116505 0.116505 0.116503 0.058253 0.058253 0.058253 0.058252 0.058252 0.058252 0.038835 0.029126 0.029126 0.029126 0.029126 0.029126
0.096776 0.096775 0.096775 0.096773 0.096773 0.096772 0.048388 0.048388 0.048387 0.048387 0.048386 0.048386 0.032259 0.032258 0.032258 0.032258
0.098363 0.098362 0.098360 0.098360 0.098358 0.049181 0.049181 0.049181 0.049180 0.049180 0.049180 0.049180 0.049180 0.049180 0.032787 0.032787
0.092310 0.092309 0.092309 0.092307 0.092307 0.092305 0.046155 0.046154 0.046154 0.046154 0.046154 0.046154 0.046153 0.046153 0.046153 0.030770
0.096776 0.096775 0.096773 0.096773 0.096772 0.048388 0.048388 0.048387 0.048387 0.048387 0.048387 0.048387 0.048387 0.048386 0.048386 0.032259
0.104349 0.104348 0.104348 0.104346 0.104346 0.052174 0.052174 0.052174 0.052174 0.052174 0.052173 0.034783 0.034783 0.034783 0.034782 0.026087
0.098363 0.098362 0.098360 0.098360 0.098358 0.049181 0.049181 0.049181 0.049180 0.049180 0.049180 0.049180 0.049180 0.049180 0.032787 0.032787
0.090911 0.090910 0.090910 0.090908 0.090908 0.090907 0.045455 0.045455 0.045455 0.045455 0.045455 0.045455 0.045455 0.045454 0.045454 0.045454
0.112152 0.112151 0.112149 0.112148 0.056076 0.056075 0.056075 0.056075 0.056074 0.056074 0.056074 0.037383 0.037383 0.028037 0.028037 0.028037
0.125002 0.124999 0.124999 0.062501 0.062501 0.062500 0.062500 0.062499 0.062499 0.041667 0.041667 0.041666 0.031250 0.031250 0.031250 0.031250
0.125788 0.125785 0.125783 0.062894 0.062894 0.062894 0.062893 0.062893 0.062893 0.041929 0.041929 0.041928 0.031447 0.031447 0.031447 0.025157
0.145633 0.145632 0.145629 0.072816 0.072816 0.072815 0.048544 0.048544 0.036408 0.036408 0.029126 0.029126 0.029126 0.029126 0.029126 0.029126
0.101697 0.101696 0.101694 0.101694 0.050848 0.050848 0.050848 0.050848 0.050847 0.050847 0.050847 0.050847 0.050847 0.050847 0.050847 0.033899
0.096776 0.096775 0.096775 0.096773 0.096773 0.048388 0.048388 0.048387 0.048387 0.048387 0.048387 0.048387 0.048387 0.048386 0.048386 0.032258
0.114287 0.114286 0.114284 0.114284 0.057143 0.057143 0.057143 0.057143 0.057143 0.057142 0.038096 0.038095 0.038095 0.028571 0.028571 0.028571
0.103450 0.103449 0.103447 0.103447 0.051725 0.051725 0.051725 0.051724 0.051724 0.051724 0.051724 0.051724 0.051723 0.051723 0.034483 0.034483
0.098362 0.098361 0.098361 0.098360 0.098360 0.049181 0.049181 0.049181 0.049180 0.049180 0.049180 0.049180 0.049179 0.049179 0.032787 0.032787
0.115386 0.115384 0.115382 0.057693 0.057693 0.057693 0.057693 0.057693 0.057692 0.057692 0.057692 0.038462 0.038462 0.038462 0.038462 0.038461
0.105264 0.105264 0.105262 0.105262 0.052632 0.052632 0.052632 0.052632 0.052631 0.052631 0.052631 0.052631 0.052631 0.035088 0.035088 0.035088
0.103449 0.103449 0.103447 0.103447 0.051725 0.051725 0.051724 0.051724 0.051724 0.051724 0.051724 0.051724 0.051723 0.051723 0.034483 0.034483
0.131869 0.131866 0.065935 0.065935 0.065934 0.065934 0.065934 0.065934 0.065934 0.043956 0.043956 0.043956 0.043956 0.032967 0.032967 0.032967
0.105265 0.105263 0.105263 0.105261 0.052633 0.052632 0.052632 0.052632 0.052632 0.052631 0.052631 0.052631 0.052631 0.035088 0.035088 0.035088
0.121213 0.121211 0.121211 0.060607 0.060607 0.060606 0.060606 0.060606 0.060606 0.040404 0.040404 0.040404 0.040404 0.040404 0.040403 0.030303
0.122451 0.122450 0.061225 0.061225 0.061225 0.061225 0.061224 0.061224 0.061224 0.061223 0.061223 0.040817 0.040816 0.040816 0.040816 0.040816
0.098362 0.098362 0.098360 0.098360 0.098358 0.049181 0.049181 0.049181 0.049181 0.049180 0.049180 0.049180 0.049180 0.049180 0.032787 0.032787
0.113209 0.113207 0.113206 0.056605 0.056605 0.056604 0.056604 0.056604 0.056604 0.056604 0.056603 0.056603 0.037736 0.037736 0.037736 0.037735
0.122452 0.122448 0.061225 0.061225 0.061225 0.061225 0.061225 0.061224 0.061224 0.061223 0.061223 0.040817 0.040816 0.040816 0.040816 0.040816
0.098362 0.098362 0.098360 0.098360 0.098358 0.049181 0.049181 0.049181 0.049180 0.049180 0.049180 0.049180 0.049180 0.049180 0.032787 0.032787
0.131869 0.131867 0.065935 0.065935 0.065934 0.065934 0.065934 0.065934 0.065933 0.043956 0.043956 0.043956 0.043956 0.032967 0.032967 0.032967
0.100002 0.100001 0.100001 0.099999 0.099997 0.050001 0.050000 0.050000 0.050000 0.050000 0.050000 0.050000 0.049999 0.033334 0.033334 0.033333
0.090911 0.090910 0.090910 0.090908 0.090908 0.090907 0.045455 0.045455 0.045455 0.045455 0.045455 0.045455 0.045454 0.045454 0.045454 0.045454
0.114287 0.114286 0.114286 0.114284 0.057143 0.057143 0.057143 0.057143 0.057143 0.057142 0.038095 0.038095 0.038095 0.028571 0.028571 0.028571
0.111113 0.111112 0.111110 0.111110 0.055556 0.055556 0.055556 0.055556 0.055556 0.055555 0.055555 0.037037 0.037037 0.037037 0.027778 0.027778
0.090911 0.090910 0.090910 0.090908 0.090908 0.090907 0.045455 0.045455 0.045455 0.045455 0.045455 0.045455 0.045454 0.045454 0.045454 0.045454
0.101697 0.101696 0.101694 0.101694 0.101693 0.050848 0.050848 0.050848 0.050847 0.050847 0.050847 0.050847 0.033899 0.033899 0.033898 0.033898
0.095240 0.095239 0.095239 0.095237 0.095237 0.047620 0.047620 0.047619 0.047619 0.047619 0.047619 0.047619 0.047619 0.047619 0.047618 0.047618
0.098362 0.098361 0.098361 0.098360 0.098360 0.049181 0.049181 0.049181 0.049180 0.049180 0.049180 0.049180 0.049179 0.049179 0.032787 0.032787
0.136056 0.136055 0.136053 0.068028 0.068027 0.068027 0.068027 0.045352 0.045352 0.045351 0.034013 0.034013 0.034013 0.027211 0.027211 0.027211
0.122202 0.122200 0.122198 0.122198 0.061101 0.061100 0.061100 0.061100 0.061099 0.040733 0.030550 0.030550 0.030550 0.024440 0.024440 0.024440
0.138892 0.138888 0.069446 0.069445 0.069444 0.069444 0.069443 0.069443 0.046297 0.046296 0.046296 0.034722 0.034722 0.034722 0.034722 0.027778
0.121214 0.121213 0.121211 0.121211 0.060606 0.060606 0.060606 0.060605 0.040404 0.040404 0.040403 0.030303 0.030303 0.030303 0.030303 0.030303
0.157482 0.157481 0.078741 0.078740 0.078740 0.078739 0.052493 0.052493 0.039370 0.039370 0.039370 0.031496 0.031496 0.031496 0.026247 0.026247
0.100002 0.100001 0.099999 0.099999 0.099998 0.050001 0.050000 0.050000 0.050000 0.050000 0.050000 0.049999 0.049999 0.033334 0.033333 0.033333
0.109093 0.109092 0.109090 0.109090 0.109088 0.054546 0.054546 0.054546 0.054545 0.054545 0.036364 0.036364 0.027273 0.027273 0.027273 0.027273
0.105265 0.105264 0.105262 0.105260 0.052632 0.052632 0.052632 0.052632 0.052632 0.052632 0.052631 0.052631 0.052631 0.035088 0.035088 0.035088
0.092310 0.092309 0.092309 0.092307 0.092307 0.092306 0.046155 0.046154 0.046154 0.046154 0.046154 0.046154 0.046154 0.046153 0.046153 0.030769
0.111113 0.111112 0.111108 0.055556 0.055556 0.055556 0.055556 0.055556 0.055555 0.055555 0.055555 0.055554 0.055554 0.037037 0.037037 0.037037
0.109093 0.109092 0.109090 0.109088 0.054546 0.054546 0.054546 0.054545 0.054545 0.054545 0.054545 0.036364 0.036364 0.036364 0.036364 0.036363
0.105265 0.105264 0.105264 0.105260 0.052632 0.052632 0.052632 0.052632 0.052632 0.052631 0.052631 0.052631 0.052630 0.035088 0.035088 0.035088
0.109093 0.109092 0.109090 0.109090 0.054546 0.054546 0.054545 0.054545 0.054545 0.054545 0.054544 0.036364 0.036364 0.036364 0.036364 0.036363
0.113209 0.113208 0.113206 0.056604 0.056604 0.056604 0.056604 0.056604 0.056603 0.056603 0.056603 0.056603 0.037736 0.037736 0.037736 0.037736
0.107145 0.107144 0.107142 0.107142 0.053572 0.053572 0.053572 0.053571 0.053571 0.053571 0.053570 0.053570 0.035715 0.035714 0.035714 0.035714
0.111113 0.111112 0.111110 0.111110 0.055556 0.055556 0.055555 0.055555 0.055555 0.055555 0.037037 0.037037 0.037037 0.037037 0.037037 0.037037
0.123713 0.123712 0.123710 0.061856 0.061856 0.061856 0.061856 0.061855 0.061855 0.041237 0.041237 0.041237 0.041237 0.030928 0.030928 0.030928
0.112151 0.112150 0.112148 0.112148 0.056075 0.056075 0.056075 0.056075 0.056075 0.056075 0.056074 0.037384 0.037383 0.028037 0.028037 0.028037
0.098363 0.098362 0.098360 0.098360 0.098358 0.049181 0.049181 0.049181 0.049180 0.049180 0.049180 0.049180 0.049180 0.049180 0.032787 0.032787
0.098363 0.098362 0.098362 0.098360 0.098360 0.049181 0.049181 0.049180 0.049180 0.049180 0.049180 0.049180 0.049179 0.049179 0.032787 0.032787
0.095240 0.095239 0.095239 0.095237 0.095237 0.047620 0.047620 0.047619 0.047619 0.047619 0.047619 0.047619 0.047619 0.047619 0.047618 0.047618
0.123713 0.123712 0.123709 0.061856 0.061856 0.061856 0.061856 0.061855 0.061855 0.041237 0.041237 0.041237 0.041237 0.030928 0.030928 0.030928
0.095240 0.095239 0.095237 0.095237 0.095236 0.047620 0.047620 0.047620 0.047619 0.047619 0.047619 0.047619 0.047619 0.047619 0.047619 0.047618
0.096776 0.096775 0.096775 0.096773 0.096772 0.048388 0.048387 0.048387 0.048387 0.048387 0.048387 0.048387 0.048387 0.048386 0.048386 0.032259
0.100002 0.100001 0.100001 0.099999 0.099997 0.050001 0.050001 0.050000 0.050000 0.050000 0.050000 0.050000 0.049999 0.033333 0.033333 0.033333
0.117649 0.117648 0.117645 0.058824 0.058824 0.058824 0.058824 0.058823 0.058823 0.058823 0.058823 0.039216 0.039216 0.039216 0.029412 0.029412
0.107144 0.107144 0.107142 0.107141 0.053572 0.053572 0.053572 0.053571 0.053571 0.053571 0.053571 0.053570 0.035715 0.035714 0.035714 0.035714
0.120001 0.119999 0.060001 0.060001 0.060000 0.060000 0.060000 0.060000 0.060000 0.059999 0.059999 0.059999 0.040000 0.040000 0.040000 0.040000
0.134530 0.134528 0.134528 0.067265 0.067265 0.067265 0.067264 0.044844 0.044843 0.044843 0.044843 0.033632 0.033632 0.026906 0.026906 0.026906
0.109093 0.109092 0.109088 0.054546 0.054546 0.054546 0.054546 0.054546 0.054545 0.054545 0.054545 0.054545 0.054545 0.054544 0.036364 0.036364
0.148885 0.148881 0.074442 0.074442 0.074442 0.074442 0.074441 0.049628 0.049628 0.037221 0.037221 0.037221 0.029777 0.029777 0.029777 0.029777
0.100002 0.100001 0.099999 0.099999 0.099998 0.050001 0.050000 0.050000 0.050000 0.050000 0.050000 0.049999 0.049999 0.033333 0.033333 0.033333
0.111114 0.111111 0.111110 0.111109 0.055557 0.055556 0.055556 0.055556 0.055555 0.055555 0.055555 0.037037 0.037037 0.037037 0.027778 0.027778
0.116507 0.116506 0.116504 0.116502 0.058253 0.058253 0.058253 0.058252 0.058252 0.038835 0.038835 0.038835 0.038834 0.029126 0.029126 0.029126
0.100002 0.100001 0.099999 0.099999 0.099998 0.050001 0.050000 0.050000 0.050000 0.050000 0.050000 0.049999 0.049999 0.033334 0.033333 0.033333
0.101697 0.101696 0.101696 0.101694 0.050848 0.050848 0.050848 0.050848 0.050847 0.050847 0.050847 0.050847 0.050847 0.050846 0.050846 0.033898
0.098362 0.098361 0.098361 0.098359 0.098359 0.049181 0.049181 0.049180 0.049180 0.049180 0.049180 0.049180 0.049180 0.049179 0.032787 0.032787
0.098363 0.098362 0.098360 0.098360 0.098359 0.049181 0.049181 0.049181 0.049180 0.049180 0.049180 0.049180 0.049180 0.049180 0.032787 0.032787
0.107145 0.107144 0.107144 0.107140 0.053572 0.053572 0.053572 0.053571 0.053571 0.053571 0.053570 0.053570 0.035715 0.035714 0.035714 0.035714
0.111113 0.111112 0.111108 0.055556 0.055556 0.055556 0.055556 0.055556 0.055556 0.055555 0.055555 0.055555 0.055554 0.037038 0.037037 0.037037
0.092310 0.092309 0.092309 0.092307 0.092307 0.092305 0.046155 0.046155 0.046154 0.046154 0.046154 0.046153 0.046153 0.046153 0.046153 0.030769
0.098363 0.098362 0.098360 0.098360 0.098359 0.049181 0.049181 0.049181 0.049180 0.049180 0.049180 0.049180 0.049180 0.049180 0.032787 0.032787
0.114287 0.114286 0.114284 0.114284 0.057144 0.057143 0.057143 0.057143 0.057143 0.057143 0.038096 0.038095 0.038095 0.028571 0.028571 0.028571
0.101696 0.101694 0.101694 0.101693 0.050848 0.050848 0.050848 0.050848 0.050848 0.050848 0.050847 0.050847 0.050847 0.050847 0.050847 0.033899
0.120001 0.120001 0.119998 0.060001 0.060001 0.060000 0.060000 0.060000 0.060000 0.059999 0.040000 0.040000 0.040000 0.040000 0.030000 0.030000
0.092310 0.092309 0.092309 0.092307 0.092307 0.092305 0.046155 0.046155 0.046154 0.046154 0.046154 0.046154 0.046153 0.046153 0.046153 0.030770
0.090911 0.090910 0.090910 0.090908 0.090908 0.090907 0.045455 0.045455 0.045455 0.045455 0.045455 0.045455 0.045454 0.045454 0.045454 0.045454
0.096776 0.096775 0.096775 0.096773 0.096772 0.048388 0.048388 0.048387 0.048387 0.048387 0.048387 0.048387 0.048387 0.048386 0.048386 0.032259
0.100002 0.100001 0.099999 0.099999 0.099998 0.050001 0.050001 0.050000 0.050000 0.050000 0.050000 0.050000 0.049999 0.033334 0.033334 0.033333
0.098362 0.098361 0.098361 0.098360 0.098358 0.049181 0.049181 0.049181 0.049180 0.049180 0.049180 0.049180 0.049180 0.049179 0.032787 0.032787
0.137932 0.137931 0.137931 0.068966 0.068966 0.068965 0.068964 0.045977 0.045977 0.045977 0.034482 0.027586 0.027586 0.027586 0.027586 0.027586
0.124742 0.124740 0.124739 0.124738 0.062371 0.062370 0.062370 0.062370 0.041581 0.041580 0.031185 0.031185 0.031185 0.024948 0.024948 0.024948
0.181267 0.090636 0.090635 0.090635 0.090634 0.060423 0.060423 0.045317 0.045317 0.045317 0.036254 0.036254 0.036254 0.030212 0.030212 0.030211
0.147423 0.147421 0.147418 0.073711 0.073710 0.073709 0.049140 0.049140 0.036855 0.029484 0.029484 0.029484 0.029484 0.029484 0.029484 0.024570
0.114945 0.114944 0.114942 0.114939 0.057472 0.057472 0.057472 0.057471 0.057471 0.057471 0.038314 0.038314 0.038314 0.028736 0.028736 0.022989
0.131292 0.131289 0.065646 0.065646 0.065646 0.065646 0.065646 0.065645 0.065645 0.065645 0.043764 0.043764 0.032823 0.032823 0.032823 0.026258
0.103450 0.103449 0.103448 0.103448 0.103446 0.051725 0.051725 0.051724 0.051724 0.051724 0.051723 0.034483 0.034483 0.034483 0.034483 0.034483
0.111113 0.111110 0.111109 0.055556 0.055556 0.055556 0.055556 0.055556 0.055555 0.055555 0.055555 0.055555 0.055555 0.037038 0.037037 0.037037
0.114945 0.114943 0.114941 0.114941 0.057472 0.057471 0.057471 0.057471 0.057471 0.057471 0.038315 0.038314 0.038314 0.028736 0.028736 0.022989
0.103449 0.103449 0.103447 0.103446 0.051725 0.051725 0.051725 0.051724 0.051724 0.051724 0.051724 0.051724 0.051723 0.051723 0.034483 0.034483
0.105264 0.105264 0.105262 0.105262 0.052632 0.052632 0.052632 0.052632 0.052632 0.052631 0.052631 0.052631 0.052631 0.035088 0.035088 0.035088
0.107145 0.107144 0.107144 0.107142 0.053572 0.053572 0.053572 0.053571 0.053571 0.053571 0.053570 0.053570 0.035715 0.035714 0.035714 0.035714
0.117649 0.117646 0.117645 0.058825 0.058825 0.058824 0.058824 0.058823 0.058823 0.058823 0.039216 0.039216 0.039216 0.039216 0.039216 0.039215
0.108110 0.108109 0.108107 0.108106 0.054055 0.054055 0.054054 0.054054 0.054054 0.054054 0.054053 0.054053 0.036036 0.036036 0.036036 0.027027
0.100842 0.100841 0.100841 0.100839 0.100839 0.050421 0.050421 0.050420 0.050420 0.050420 0.050420 0.050420 0.050419 0.033614 0.033614 0.025210
0.113209 0.113209 0.113205 0.056605 0.056604 0.056604 0.056604 0.056604 0.056603 0.056603 0.056603 0.056603 0.037736 0.037736 0.037736 0.037736
0.115386 0.115384 0.115382 0.057693 0.057693 0.057693 0.057692 0.057692 0.057692 0.057692 0.057691 0.038462 0.038462 0.038462 0.038462 0.038462
0.090911 0.090910 0.090910 0.090908 0.090908 0.090907 0.045455 0.045455 0.045455 0.045455 0.045455 0.045455 0.045455 0.045454 0.045454 0.045454
0.126584 0.126583 0.126580 0.063292 0.063292 0.063291 0.063291 0.063291 0.063291 0.042194 0.042194 0.042194 0.031645 0.031645 0.025316 0.025316
0.125787 0.125787 0.125787 0.062893 0.062893 0.062893 0.062893 0.062893 0.062892 0.041929 0.041929 0.041929 0.031446 0.031446 0.031446 0.025157
0.096776 0.096775 0.096775 0.096773 0.096773 0.048388 0.048387 0.048387 0.048387 0.048387 0.048387 0.048387 0.048387 0.048386 0.048386 0.032258
0.101696 0.101696 0.101694 0.101694 0.050848 0.050848 0.050848 0.050848 0.050848 0.050848 0.050847 0.050847 0.050847 0.050847 0.050847 0.033899
0.109092 0.109090 0.109090 0.054546 0.054546 0.054546 0.054546 0.054546 0.054545 0.054545 0.054545 0.054545 0.054545 0.054545 0.036364 0.036364
0.100002 0.100001 0.100001 0.099999 0.099999 0.050001 0.050000 0.050000 0.050000 0.050000 0.050000 0.049999 0.049999 0.033334 0.033333 0.033333
0.111319 0.111318 0.111318 0.111316 0.111316 0.055659 0.055659 0.055658 0.055658 0.037106 0.037106 0.037106 0.037106 0.027829 0.022263 0.022263
0.105265 0.105264 0.105264 0.105262 0.052632 0.052632 0.052632 0.052632 0.052631 0.052631 0.052631 0.052631 0.052630 0.035088 0.035088 0.035088
0.107145 0.107143 0.107143 0.107141 0.053572 0.053572 0.053572 0.053571 0.053571 0.053571 0.053571 0.053570 0.035715 0.035714 0.035714 0.035714
0.113209 0.113207 0.113207 0.113205 0.056605 0.056604 0.056604 0.056604 0.056604 0.056603 0.037736 0.037736 0.037736 0.037735 0.028302 0.028302
0.136365 0.136362 0.068183 0.068182 0.068182 0.068182 0.068181 0.068181 0.045455 0.045455 0.045454 0.045454 0.034091 0.034091 0.034091 0.034091
0.140848 0.140846 0.070423 0.070423 0.070422 0.070422 0.070422 0.070421 0.046949 0.046948 0.046948 0.035211 0.035211 0.028169 0.028169 0.028169
0.106197 0.106196 0.106194 0.106194 0.106192 0.053098 0.053098 0.053098 0.053097 0.053097 0.053097 0.035398 0.035398 0.026549 0.026549 0.026549
0.160431 0.160426 0.160426 0.080214 0.053476 0.053476 0.040107 0.040107 0.032086 0.032086 0.032086 0.032086 0.032086 0.032085 0.032085 0.026738
0.154245 0.154241 0.154240 0.077121 0.077120 0.051413 0.038560 0.038560 0.038560 0.030849 0.030849 0.030848 0.030848 0.030848 0.030848 0.030848
0.153065 0.153060 0.076531 0.076531 0.076530 0.076529 0.076529 0.051021 0.038265 0.038265 0.030612 0.030612 0.030612 0.030612 0.030612 0.030612
0.133932 0.133928 0.133926 0.066965 0.066965 0.066964 0.066963 0.066963 0.044643 0.044642 0.033482 0.033482 0.026786 0.026786 0.026786 0.026786
0.146345 0.146341 0.146339 0.073171 0.073170 0.073170 0.048780 0.036586 0.036586 0.036585 0.036585 0.029269 0.029269 0.029268 0.029268 0.029268
0.126585 0.126582 0.126579 0.063292 0.063292 0.063291 0.063291 0.063290 0.063290 0.042195 0.042194 0.042194 0.031646 0.031646 0.025317 0.025317
0.133335 0.133333 0.133331 0.066668 0.066667 0.066666 0.066666 0.066666 0.044445 0.044444 0.044444 0.026667 0.026667 0.026667 0.026667 0.026667
0.138891 0.138888 0.069446 0.069445 0.069444 0.069444 0.069444 0.069444 0.046296 0.046296 0.046296 0.034722 0.034722 0.034722 0.034722 0.027778
0.113424 0.113423 0.113421 0.113420 0.056712 0.056711 0.056711 0.056711 0.056710 0.056710 0.056710 0.037807 0.037807 0.028355 0.022684 0.022684
0.111114 0.111113 0.111110 0.111108 0.055557 0.055556 0.055556 0.055555 0.055555 0.055555 0.055555 0.037037 0.037037 0.037037 0.027778 0.027778
0.131868 0.131865 0.065935 0.065935 0.065935 0.065934 0.065934 0.065934 0.065933 0.043957 0.043956 0.043956 0.043956 0.032967 0.032967 0.032967
0.127934 0.127931 0.127931 0.127929 0.063967 0.063966 0.063966 0.042644 0.042644 0.031983 0.031983 0.031983 0.031983 0.031983 0.025587 0.025587
0.124743 0.124742 0.124739 0.124737 0.062370 0.062370 0.062370 0.062369 0.041580 0.041580 0.031185 0.031185 0.031185 0.024948 0.024948 0.024948
0.118580 0.118576 0.118576 0.118575 0.059290 0.059289 0.059289 0.059289 0.059288 0.059288 0.039526 0.029644 0.029644 0.023716 0.023716 0.023716
0.107145 0.107144 0.107142 0.107142 0.053572 0.053572 0.053572 0.053571 0.053571 0.053571 0.053570 0.053570 0.035715 0.035714 0.035714 0.035714
0.107145 0.107144 0.107142 0.107142 0.053572 0.053572 0.053572 0.053571 0.053571 0.053571 0.053570 0.053570 0.035715 0.035714 0.035714 0.035714
0.117649 0.117648 0.117646 0.117646 0.058824 0.058824 0.058823 0.058823 0.058823 0.039216 0.039215 0.039215 0.029412 0.029412 0.029412 0.029412
0.127121 0.127118 0.127118 0.063560 0.063560 0.063559 0.063559 0.063558 0.063558 0.042373 0.042372 0.031780 0.031780 0.031780 0.031780 0.025424
0.146343 0.146342 0.146339 0.073171 0.073171 0.073170 0.048780 0.036585 0.036585 0.036585 0.036585 0.029268 0.029268 0.029268 0.029268 0.029268
0.110094 0.110093 0.110091 0.110089 0.055047 0.055046 0.055046 0.055046 0.055045 0.055045 0.055045 0.036698 0.036697 0.036697 0.036697 0.027523
0.121215 0.121213 0.121211 0.060607 0.060606 0.060606 0.060605 0.060605 0.060605 0.060605 0.040404 0.040404 0.040403 0.030303 0.030303 0.030303
0.132160 0.132158 0.132158 0.066080 0.066080 0.066079 0.066079 0.066078 0.044053 0.044052 0.033040 0.033040 0.033040 0.033040 0.026432 0.026432
0.128755 0.128755 0.128753 0.064379 0.064378 0.064378 0.064378 0.064377 0.064377 0.042919 0.042918 0.032189 0.032189 0.025751 0.025751 0.025751
0.115387 0.115386 0.115384 0.115384 0.057693 0.057693 0.057692 0.057692 0.057691 0.057691 0.038462 0.038461 0.028846 0.028846 0.028846 0.028846
0.118345 0.118345 0.118342 0.118342 0.059172 0.059172 0.059171 0.059171 0.059171 0.039448 0.039448 0.039447 0.029586 0.029586 0.029586 0.023669
0.147787 0.147782 0.073892 0.073891 0.073891 0.073891 0.073891 0.049262 0.049261 0.036946 0.036946 0.036946 0.036946 0.029557 0.029557 0.029557
0.120002 0.120001 0.119999 0.119999 0.060000 0.060000 0.060000 0.059999 0.040000 0.040000 0.040000 0.039999 0.030000 0.030000 0.030000 0.030000
0.142182 0.142181 0.142179 0.142179 0.071090 0.047394 0.047393 0.035545 0.035545 0.028436 0.028436 0.028436 0.028436 0.028436 0.028436 0.023697
0.124743 0.124740 0.124740 0.124737 0.062371 0.062371 0.062370 0.062369 0.041580 0.041580 0.031185 0.031185 0.031185 0.024948 0.024948 0.024948
0.179104 0.179101 0.089553 0.089551 0.059702 0.044777 0.044776 0.044776 0.035821 0.035821 0.035821 0.035821 0.035821 0.029851 0.029851 0.029851
0.175953 0.175950 0.087978 0.087976 0.058651 0.043989 0.043988 0.043988 0.035191 0.035191 0.035191 0.035191 0.035191 0.035191 0.035191 0.035191
0.132454 0.132450 0.132450 0.132448 0.066225 0.066225 0.066225 0.044150 0.044150 0.033113 0.026490 0.026490 0.026490 0.026490 0.022075 0.022075
