0.143200 0.143199 0.143196 0.071600 0.071599 0.071599 0.071598 0.047733 0.035799 0.028640 0.028640 0.028640 0.028639 0.028639 0.028639 0.028639
0.100002 0.100001 0.099999 0.099999 0.099998 0.050001 0.050000 0.050000 0.050000 0.050000 0.050000 0.049999 0.049999 0.033334 0.033333 0.033333
0.100002 0.100001 0.099999 0.099999 0.099998 0.050001 0.050000 0.050000 0.050000 0.050000 0.050000 0.049999 0.049999 0.033334 0.033333 0.033333
0.124742 0.124741 0.124739 0.124739 0.062371 0.062370 0.062370 0.062370 0.041580 0.041580 0.031185 0.031185 0.031185 0.024948 0.024948 0.024948
0.133040 0.133038 0.133036 0.066519 0.066519 0.066519 0.066519 0.066518 0.044346 0.044346 0.033259 0.033259 0.033259 0.026608 0.026608 0.026608
0.110094 0.110093 0.110091 0.110089 0.055047 0.055046 0.055046 0.055046 0.055046 0.055045 0.055045 0.036698 0.036697 0.036697 0.036697 0.027523
0.120002 0.120000 0.119997 0.060001 0.060001 0.060001 0.060000 0.060000 0.059999 0.059999 0.040000 0.040000 0.040000 0.040000 0.030000 0.030000
0.113209 0.113207 0.113207 0.113205 0.056605 0.056604 0.056604 0.056604 0.056603 0.056603 0.037736 0.037736 0.037736 0.037736 0.028302 0.028302
0.127662 0.127661 0.127658 0.127658 0.063831 0.063830 0.063830 0.063829 0.042553 0.031915 0.031915 0.025532 0.025532 0.025532 0.025532 0.025532
0.133040 0.133038 0.133036 0.066520 0.066519 0.066519 0.066519 0.066518 0.044346 0.044346 0.033259 0.033259 0.033259 0.026608 0.026608 0.026607
0.105266 0.105265 0.105263 0.105262 0.105261 0.052633 0.052632 0.052632 0.052631 0.052631 0.052631 0.035088 0.035088 0.035088 0.026316 0.026316
0.120002 0.119999 0.119998 0.060001 0.060001 0.060001 0.060000 0.060000 0.059999 0.059999 0.040000 0.040000 0.040000 0.040000 0.030000 0.030000
0.114287 0.114285 0.114285 0.114283 0.057144 0.057143 0.057143 0.057143 0.057143 0.057142 0.038096 0.038095 0.038095 0.028572 0.028572 0.028572
0.133040 0.133038 0.133036 0.066520 0.066519 0.066519 0.066519 0.066518 0.044346 0.044346 0.033259 0.033259 0.033259 0.026608 0.026608 0.026608
0.101697 0.101696 0.101694 0.101694 0.101692 0.050848 0.050848 0.050848 0.050847 0.050847 0.050847 0.050847 0.033899 0.033898 0.033898 0.033898
0.120003 0.119999 0.119998 0.060001 0.060001 0.060000 0.060000 0.060000 0.059999 0.059999 0.040000 0.040000 0.040000 0.040000 0.030000 0.030000
0.116507 0.116504 0.116502 0.058253 0.058253 0.058253 0.058253 0.058252 0.058252 0.058252 0.058252 0.038835 0.038835 0.038835 0.038835 0.029126
0.101697 0.101696 0.101694 0.101694 0.101693 0.050848 0.050848 0.050848 0.050848 0.050847 0.050847 0.050847 0.033899 0.033898 0.033898 0.033898
0.133932 0.133928 0.133926 0.066965 0.066965 0.066964 0.066964 0.066964 0.044643 0.044642 0.033482 0.033482 0.026786 0.026786 0.026786 0.026786
0.103451 0.103450 0.103448 0.103448 0.103446 0.051725 0.051725 0.051724 0.051724 0.051724 0.051723 0.051723 0.034483 0.034482 0.025862 0.025862
0.100002 0.100001 0.099999 0.099999 0.099998 0.050001 0.050000 0.050000 0.050000 0.050000 0.050000 0.049999 0.049999 0.033334 0.033333 0.033333
0.135137 0.135133 0.067568 0.067568 0.067568 0.067568 0.067567 0.067567 0.067567 0.045045 0.045045 0.045045 0.033784 0.033784 0.027027 0.027027
0.120002 0.120001 0.119998 0.119998 0.060001 0.060000 0.060000 0.060000 0.040000 0.040000 0.040000 0.040000 0.030000 0.030000 0.030000 0.030000
0.090911 0.090910 0.090910 0.090908 0.090908 0.090907 0.045455 0.045455 0.045455 0.045455 0.045455 0.045455 0.045454 0.045454 0.045454 0.045454
0.107144 0.107143 0.107143 0.107141 0.053572 0.053572 0.053572 0.053571 0.053571 0.053571 0.053571 0.053571 0.035715 0.035714 0.035714 0.035714
0.096776 0.096775 0.096774 0.096773 0.096772 0.048388 0.048388 0.048387 0.048387 0.048387 0.048387 0.048387 0.048387 0.048386 0.048386 0.032259
0.095240 0.095239 0.095237 0.095237 0.095236 0.047620 0.047620 0.047620 0.047619 0.047619 0.047619 0.047619 0.047619 0.047619 0.047619 0.047618
0.095240 0.095239 0.095237 0.095237 0.095236 0.047620 0.047620 0.047619 0.047619 0.047619 0.047619 0.047619 0.047619 0.047619 0.047618 0.047618
0.095240 0.095239 0.095237 0.095237 0.095236 0.047620 0.047620 0.047620 0.047619 0.047619 0.047619 0.047619 0.047619 0.047619 0.047618 0.047618
0.114288 0.114285 0.114285 0.114284 0.057143 0.057143 0.057143 0.057143 0.057142 0.057142 0.038095 0.038095 0.038095 0.028572 0.028572 0.028571
0.146343 0.146342 0.146339 0.073171 0.073171 0.073170 0.048781 0.036585 0.036585 0.036585 0.036585 0.029268 0.029268 0.029268 0.029268 0.029268
0.127934 0.127932 0.127930 0.063967 0.063966 0.063966 0.063966 0.063966 0.063965 0.042644 0.042644 0.031983 0.031983 0.031983 0.025586 0.025586
0.090911 0.090910 0.090910 0.090908 0.090908 0.090907 0.045455 0.045455 0.045455 0.045455 0.045455 0.045455 0.045454 0.045454 0.045454 0.045454
0.098362 0.098362 0.098362 0.098360 0.098358 0.049181 0.049181 0.049181 0.049180 0.049180 0.049180 0.049180 0.049180 0.049180 0.032787 0.032787
0.096776 0.096775 0.096775 0.096773 0.096772 0.048388 0.048387 0.048387 0.048387 0.048387 0.048387 0.048387 0.048387 0.048386 0.048386 0.032258
0.090911 0.090910 0.090910 0.090908 0.090908 0.090907 0.045455 0.045455 0.045455 0.045455 0.045455 0.045455 0.045454 0.045454 0.045454 0.045454
0.096776 0.096775 0.096773 0.096773 0.096772 0.048388 0.048388 0.048387 0.048387 0.048387 0.048387 0.048387 0.048387 0.048386 0.048386 0.032259
0.095240 0.095239 0.095239 0.095237 0.095236 0.047620 0.047620 0.047619 0.047619 0.047619 0.047619 0.047619 0.047619 0.047619 0.047618 0.047618
0.096776 0.096775 0.096774 0.096773 0.096772 0.048388 0.048388 0.048388 0.048387 0.048387 0.048387 0.048387 0.048387 0.048386 0.048386 0.032258
0.095240 0.095239 0.095239 0.095237 0.095236 0.047620 0.047620 0.047619 0.047619 0.047619 0.047619 0.047619 0.047619 0.047619 0.047618 0.047618
0.092309 0.092309 0.092309 0.092307 0.092307 0.092305 0.046154 0.046154 0.046154 0.046154 0.046154 0.046154 0.046154 0.046153 0.046153 0.030770
0.102566 0.102565 0.102565 0.102563 0.102563 0.051283 0.051282 0.051282 0.051282 0.051282 0.051282 0.051281 0.034188 0.034188 0.034188 0.025641
0.116055 0.116055 0.116053 0.116053 0.058028 0.058028 0.058027 0.058027 0.058027 0.058027 0.038685 0.038685 0.029013 0.029013 0.029013 0.023211
0.103449 0.103449 0.103447 0.103446 0.051725 0.051725 0.051725 0.051725 0.051724 0.051724 0.051724 0.051724 0.051723 0.051723 0.034483 0.034483
0.096776 0.096775 0.096775 0.096773 0.096772 0.048388 0.048388 0.048387 0.048387 0.048387 0.048387 0.048387 0.048387 0.048386 0.048386 0.032258
0.095240 0.095239 0.095239 0.095237 0.095236 0.047620 0.047620 0.047619 0.047619 0.047619 0.047619 0.047619 0.047619 0.047619 0.047618 0.047618
0.090911 0.090910 0.090910 0.090908 0.090908 0.090907 0.045455 0.045455 0.045455 0.045455 0.045455 0.045455 0.045455 0.045454 0.045454 0.045454
0.111112 0.111112 0.111110 0.111110 0.055556 0.055556 0.055556 0.055556 0.055556 0.055555 0.055555 0.037037 0.037037 0.037037 0.027778 0.027778
0.098362 0.098362 0.098360 0.098360 0.098358 0.049181 0.049181 0.049181 0.049181 0.049181 0.049180 0.049180 0.049180 0.049180 0.032787 0.032787
0.111112 0.111112 0.111112 0.111109 0.055556 0.055556 0.055556 0.055555 0.055555 0.055555 0.055555 0.037037 0.037037 0.037037 0.027778 0.027778
0.104350 0.104349 0.104347 0.104347 0.104345 0.052175 0.052174 0.052174 0.052174 0.052174 0.052173 0.034783 0.034783 0.034782 0.034782 0.026087
0.101697 0.101696 0.101694 0.101694 0.101692 0.050848 0.050848 0.050848 0.050847 0.050847 0.050847 0.050847 0.033899 0.033898 0.033898 0.033898
0.100002 0.100001 0.099999 0.099999 0.099998 0.050001 0.050000 0.050000 0.050000 0.050000 0.050000 0.049999 0.049999 0.033334 0.033333 0.033333
0.120000 0.120000 0.119998 0.060001 0.060001 0.060000 0.060000 0.060000 0.059999 0.059999 0.040001 0.040000 0.040000 0.040000 0.030000 0.030000
0.155846 0.155843 0.077922 0.077922 0.077922 0.077921 0.051948 0.051948 0.038961 0.038961 0.038961 0.031169 0.031169 0.031169 0.031169 0.031169
0.102566 0.102565 0.102563 0.102563 0.102562 0.051283 0.051282 0.051282 0.051282 0.051282 0.051282 0.051281 0.034188 0.034188 0.034188 0.025641
0.159153 0.159152 0.079576 0.079576 0.079575 0.079574 0.053050 0.039788 0.039788 0.039788 0.031830 0.031830 0.031830 0.031830 0.031830 0.031830
0.114944 0.114943 0.114943 0.114941 0.057472 0.057471 0.057471 0.057471 0.057471 0.057470 0.038314 0.038314 0.038314 0.028735 0.028735 0.022988
0.090911 0.090910 0.090910 0.090908 0.090908 0.090907 0.045455 0.045455 0.045455 0.045455 0.045455 0.045455 0.045455 0.045454 0.045454 0.045454
0.090911 0.090910 0.090910 0.090908 0.090908 0.090907 0.045455 0.045455 0.045455 0.045455 0.045455 0.045455 0.045454 0.045454 0.045454 0.045454
0.113209 0.113207 0.113205 0.056605 0.056605 0.056604 0.056604 0.056604 0.056604 0.056603 0.056603 0.056603 0.037736 0.037736 0.037736 0.037736
0.132744 0.132744 0.132742 0.066372 0.066372 0.066371 0.066371 0.044248 0.044248 0.044248 0.044248 0.033186 0.033186 0.033186 0.033186 0.026549
0.098363 0.098362 0.098362 0.098360 0.098358 0.049181 0.049181 0.049181 0.049180 0.049180 0.049180 0.049180 0.049179 0.049179 0.032787 0.032787
0.096776 0.096775 0.096775 0.096773 0.096773 0.048388 0.048388 0.048387 0.048387 0.048387 0.048387 0.048387 0.048387 0.048386 0.048386 0.032258
0.105265 0.105264 0.105262 0.105262 0.052632 0.052632 0.052632 0.052632 0.052631 0.052631 0.052631 0.052631 0.052631 0.035088 0.035088 0.035088
0.093752 0.093751 0.093751 0.093749 0.093749 0.093748 0.046876 0.046876 0.046875 0.046875 0.046875 0.046875 0.046874 0.046874 0.031250 0.031250
0.101697 0.101694 0.101694 0.101692 0.050848 0.050848 0.050848 0.050848 0.050848 0.050848 0.050847 0.050847 0.050847 0.050847 0.050847 0.033899
0.115387 0.115386 0.115381 0.057693 0.057693 0.057692 0.057692 0.057692 0.057692 0.057691 0.057691 0.038462 0.038462 0.038462 0.038462 0.038461
0.090911 0.090910 0.090910 0.090908 0.090908 0.090907 0.045455 0.045455 0.045455 0.045455 0.045455 0.045455 0.045454 0.045454 0.045454 0.045454
0.119523 0.119523 0.119520 0.119520 0.059762 0.059762 0.059761 0.059761 0.059761 0.039841 0.039841 0.029880 0.029880 0.029880 0.029880 0.023904
0.105264 0.105264 0.105262 0.105260 0.052632 0.052632 0.052632 0.052632 0.052632 0.052632 0.052631 0.052631 0.052631 0.035088 0.035088 0.035088
0.092309 0.092309 0.092308 0.092307 0.092307 0.092305 0.046155 0.046154 0.046154 0.046154 0.046154 0.046154 0.046154 0.046153 0.046153 0.030770
0.093752 0.093751 0.093751 0.093749 0.093749 0.093748 0.046876 0.046875 0.046875 0.046875 0.046875 0.046875 0.046874 0.046874 0.031250 0.031250
0.090911 0.090910 0.090910 0.090908 0.090908 0.090907 0.045455 0.045455 0.045455 0.045455 0.045455 0.045455 0.045455 0.045454 0.045454 0.045454
0.129034 0.129033 0.129033 0.064517 0.064516 0.064516 0.064516 0.064515 0.043011 0.043011 0.043011 0.032258 0.032258 0.032258 0.032258 0.032258
0.090911 0.090910 0.090910 0.090908 0.090908 0.090907 0.045455 0.045455 0.045455 0.045455 0.045455 0.045455 0.045454 0.045454 0.045454 0.045454
0.092309 0.092309 0.092309 0.092307 0.092307 0.092305 0.046154 0.046154 0.046154 0.046154 0.046154 0.046154 0.046154 0.046153 0.046153 0.030770
0.116506 0.116505 0.116505 0.116503 0.058253 0.058253 0.058253 0.058252 0.058252 0.058252 0.038835 0.029126 0.029126 0.029126 0.029126 0.029126
0.090911 0.090910 0.090910 0.090908 0.090908 0.090907 0.045455 0.045455 0.045455 0.045455 0.045455 0.045455 0.045455 0.045454 0.045454 0.045454
0.096776 0.096775 0.096774 0.096773 0.096772 0.048388 0.048388 0.048387 0.048387 0.048387 0.048387 0.048387 0.048387 0.048386 0.048386 0.032259
0.092310 0.092309 0.092309 0.092307 0.092307 0.092305 0.046155 0.046154 0.046154 0.046154 0.046154 0.046154 0.046153 0.046153 0.046153 0.030770
0.104349 0.104348 0.104348 0.104346 0.104346 0.052174 0.052174 0.052174 0.052174 0.052174 0.052173 0.034783 0.034783 0.034783 0.034782 0.026087
0.090911 0.090910 0.090910 0.090908 0.090908 0.090907 0.045455 0.045455 0.045455 0.045455 0.045455 0.045455 0.045455 0.045454 0.045454 0.045454
0.103451 0.103450 0.103448 0.103448 0.103446 0.051725 0.051725 0.051725 0.051724 0.051724 0.051723 0.051723 0.034483 0.034483 0.025862 0.025862
0.139537 0.139536 0.139533 0.069768 0.069767 0.069767 0.069767 0.046512 0.046511 0.034884 0.034883 0.027907 0.027907 0.027907 0.027907 0.027907
0.090911 0.090910 0.090910 0.090908 0.090908 0.090907 0.045455 0.045455 0.045455 0.045455 0.045455 0.045455 0.045454 0.045454 0.045454 0.045454
0.101697 0.101696 0.101694 0.101694 0.050848 0.050848 0.050848 0.050848 0.050848 0.050847 0.050847 0.050847 0.050847 0.050846 0.050846 0.033899
0.098362 0.098361 0.098361 0.098360 0.098360 0.049181 0.049181 0.049180 0.049180 0.049180 0.049180 0.049180 0.049179 0.049179 0.032787 0.032787
0.096776 0.096775 0.096775 0.096773 0.096773 0.048388 0.048387 0.048387 0.048387 0.048387 0.048387 0.048387 0.048387 0.048386 0.048386 0.032258
0.101696 0.101696 0.101694 0.101694 0.050848 0.050848 0.050848 0.050848 0.050847 0.050847 0.050847 0.050847 0.050847 0.050847 0.050847 0.033899
0.120001 0.120001 0.119998 0.060001 0.060001 0.060000 0.060000 0.060000 0.060000 0.060000 0.040000 0.040000 0.040000 0.040000 0.030000 0.030000
0.092310 0.092309 0.092309 0.092307 0.092307 0.092305 0.046155 0.046154 0.046154 0.046154 0.046154 0.046154 0.046153 0.046153 0.046153 0.030770
0.098362 0.098362 0.098360 0.098360 0.098358 0.049181 0.049181 0.049181 0.049181 0.049180 0.049180 0.049180 0.049180 0.049180 0.032787 0.032787
0.105264 0.105262 0.105262 0.105260 0.052632 0.052632 0.052632 0.052632 0.052632 0.052632 0.052632 0.052631 0.052631 0.035088 0.035088 0.035088
0.096775 0.096775 0.096774 0.096774 0.096772 0.048388 0.048388 0.048387 0.048387 0.048387 0.048387 0.048387 0.048387 0.048386 0.048386 0.032259
0.131869 0.131867 0.065935 0.065935 0.065934 0.065934 0.065934 0.065934 0.065933 0.043956 0.043956 0.043956 0.043956 0.032967 0.032967 0.032967
0.090911 0.090910 0.090910 0.090908 0.090908 0.090907 0.045455 0.045455 0.045455 0.045455 0.045455 0.045455 0.045454 0.045454 0.045454 0.045454
0.114287 0.114286 0.114286 0.114284 0.057143 0.057143 0.057143 0.057143 0.057143 0.057142 0.038095 0.038095 0.038095 0.028571 0.028571 0.028571
0.101696 0.101695 0.101695 0.101693 0.101693 0.050848 0.050848 0.050848 0.050847 0.050847 0.050847 0.050847 0.033899 0.033898 0.033898 0.033898
0.101697 0.101696 0.101694 0.101694 0.101693 0.050848 0.050848 0.050848 0.050847 0.050847 0.050847 0.050847 0.033899 0.033899 0.033898 0.033898
0.095240 0.095239 0.095239 0.095237 0.095237 0.047620 0.047620 0.047619 0.047619 0.047619 0.047619 0.047619 0.047619 0.047619 0.047618 0.047618
0.095240 0.095239 0.095239 0.095237 0.095237 0.047620 0.047620 0.047619 0.047619 0.047619 0.047619 0.047619 0.047619 0.047619 0.047618 0.047618
0.135137 0.135136 0.135133 0.067568 0.067568 0.067568 0.067567 0.045045 0.045045 0.045045 0.033784 0.033784 0.033784 0.033784 0.027027 0.027027
0.120243 0.120241 0.120239 0.120239 0.060121 0.060120 0.060120 0.060120 0.060120 0.040080 0.040080 0.030060 0.030060 0.030060 0.024048 0.024048
0.102566 0.102565 0.102563 0.102563 0.102562 0.051283 0.051282 0.051282 0.051282 0.051282 0.051281 0.051281 0.034188 0.034188 0.034188 0.025641
0.154641 0.154640 0.077320 0.077319 0.077319 0.077318 0.051546 0.051546 0.038660 0.038660 0.038660 0.038659 0.030928 0.030928 0.030928 0.030928
0.100002 0.100001 0.099999 0.099999 0.099998 0.050001 0.050000 0.050000 0.050000 0.050000 0.050000 0.049999 0.049999 0.033334 0.033333 0.033333
0.103451 0.103450 0.103448 0.103447 0.103446 0.051725 0.051725 0.051725 0.051724 0.051724 0.051723 0.051723 0.034483 0.034483 0.025862 0.025862
0.092310 0.092309 0.092309 0.092307 0.092307 0.092306 0.046155 0.046154 0.046154 0.046154 0.046154 0.046154 0.046153 0.046153 0.046153 0.030770
0.101697 0.101696 0.101694 0.101692 0.050848 0.050848 0.050848 0.050848 0.050848 0.050848 0.050847 0.050847 0.050847 0.050847 0.050847 0.033899
0.100002 0.100001 0.100001 0.099999 0.099998 0.050000 0.050000 0.050000 0.050000 0.050000 0.050000 0.050000 0.049999 0.033334 0.033334 0.033334
0.098362 0.098361 0.098361 0.098360 0.098359 0.049181 0.049181 0.049180 0.049180 0.049180 0.049180 0.049180 0.049180 0.049179 0.032787 0.032787
0.101696 0.101696 0.101696 0.101694 0.050848 0.050848 0.050848 0.050848 0.050847 0.050847 0.050847 0.050847 0.050847 0.050846 0.050846 0.033899
0.105265 0.105264 0.105262 0.105262 0.052632 0.052632 0.052632 0.052632 0.052632 0.052631 0.052631 0.052631 0.052631 0.035088 0.035088 0.035088
0.100002 0.100001 0.100001 0.099999 0.099999 0.050001 0.050000 0.050000 0.050000 0.049999 0.049999 0.049999 0.049999 0.033334 0.033334 0.033334
0.113209 0.113208 0.113206 0.113206 0.056604 0.056604 0.056604 0.056604 0.056604 0.056603 0.037736 0.037736 0.037736 0.037736 0.028302 0.028302
0.112151 0.112150 0.112148 0.112148 0.056075 0.056075 0.056075 0.056075 0.056075 0.056075 0.056074 0.037384 0.037383 0.028037 0.028037 0.028037
0.098363 0.098362 0.098360 0.098360 0.098358 0.049181 0.049181 0.049181 0.049180 0.049180 0.049180 0.049180 0.049180 0.049180 0.032787 0.032787
0.113209 0.113208 0.113206 0.113206 0.056604 0.056604 0.056604 0.056604 0.056604 0.056603 0.037736 0.037736 0.037736 0.037736 0.028302 0.028302
0.095240 0.095239 0.095237 0.095237 0.095236 0.047620 0.047620 0.047620 0.047619 0.047619 0.047619 0.047619 0.047619 0.047619 0.047619 0.047618
0.100002 0.100001 0.100001 0.099999 0.099997 0.050001 0.050001 0.050000 0.050000 0.050000 0.050000 0.050000 0.049999 0.033333 0.033333 0.033333
0.107144 0.107144 0.107142 0.107141 0.053572 0.053572 0.053572 0.053571 0.053571 0.053571 0.053571 0.053570 0.035715 0.035714 0.035714 0.035714
0.120001 0.119999 0.060001 0.060001 0.060000 0.060000 0.060000 0.060000 0.060000 0.059999 0.059999 0.059999 0.040000 0.040000 0.040000 0.040000
0.129312 0.129309 0.129309 0.064656 0.064655 0.064655 0.064655 0.064655 0.043104 0.043104 0.043104 0.043103 0.032328 0.032328 0.025862 0.025862
0.109093 0.109092 0.109088 0.054546 0.054546 0.054546 0.054546 0.054546 0.054545 0.054545 0.054545 0.054545 0.054544 0.054544 0.036364 0.036364
0.125788 0.125785 0.125785 0.062894 0.062894 0.062893 0.062893 0.062893 0.062892 0.041929 0.041929 0.041929 0.031447 0.031447 0.031446 0.025157
0.100002 0.100001 0.099999 0.099999 0.099998 0.050001 0.050000 0.050000 0.050000 0.050000 0.050000 0.049999 0.049999 0.033333 0.033333 0.033333
0.110094 0.110093 0.110091 0.110089 0.055047 0.055046 0.055046 0.055046 0.055046 0.055045 0.055045 0.036698 0.036697 0.036697 0.036697 0.027523
0.095240 0.095239 0.095239 0.095237 0.095237 0.047620 0.047620 0.047619 0.047619 0.047619 0.047619 0.047619 0.047619 0.047619 0.047618 0.047618
0.095240 0.095239 0.095239 0.095237 0.095237 0.047620 0.047620 0.047619 0.047619 0.047619 0.047619 0.047619 0.047619 0.047619 0.047618 0.047618
0.098363 0.098362 0.098360 0.098360 0.098358 0.049181 0.049181 0.049181 0.049180 0.049180 0.049180 0.049180 0.049180 0.049180 0.032787 0.032787
0.098363 0.098362 0.098362 0.098360 0.098358 0.049181 0.049181 0.049181 0.049180 0.049180 0.049180 0.049180 0.049179 0.049179 0.032787 0.032787
0.095240 0.095239 0.095237 0.095237 0.095236 0.047620 0.047620 0.047620 0.047619 0.047619 0.047619 0.047619 0.047619 0.047619 0.047618 0.047618
0.110092 0.110092 0.110090 0.110090 0.055047 0.055046 0.055046 0.055046 0.055046 0.055046 0.055046 0.036698 0.036697 0.036697 0.036697 0.027523
0.095239 0.095239 0.095237 0.095237 0.095236 0.047620 0.047620 0.047620 0.047619 0.047619 0.047619 0.047619 0.047619 0.047619 0.047619 0.047618
0.092310 0.092309 0.092309 0.092307 0.092307 0.092305 0.046155 0.046155 0.046154 0.046154 0.046154 0.046154 0.046153 0.046153 0.046153 0.030770
0.090911 0.090910 0.090910 0.090908 0.090908 0.090907 0.045455 0.045455 0.045455 0.045455 0.045455 0.045455 0.045454 0.045454 0.045454 0.045454
0.090911 0.090910 0.090910 0.090908 0.090908 0.090907 0.045455 0.045455 0.045455 0.045455 0.045455 0.045455 0.045454 0.045454 0.045454 0.045454
0.098362 0.098362 0.098360 0.098360 0.098358 0.049181 0.049181 0.049181 0.049181 0.049180 0.049180 0.049180 0.049180 0.049180 0.032787 0.032787
0.096776 0.096775 0.096775 0.096773 0.096772 0.048388 0.048388 0.048388 0.048387 0.048387 0.048387 0.048387 0.048387 0.048386 0.048386 0.032258
0.147423 0.147421 0.147418 0.073711 0.073710 0.073709 0.049140 0.049140 0.036855 0.029484 0.029484 0.029484 0.029484 0.029484 0.029484 0.024570
0.114945 0.114944 0.114942 0.114939 0.057472 0.057472 0.057472 0.057471 0.057471 0.057471 0.038314 0.038314 0.038314 0.028736 0.028736 0.022989
0.131292 0.131289 0.065646 0.065646 0.065646 0.065646 0.065646 0.065645 0.065645 0.065645 0.043764 0.043764 0.032823 0.032823 0.032823 0.026258
0.103450 0.103449 0.103448 0.103448 0.103446 0.051725 0.051725 0.051724 0.051724 0.051724 0.051723 0.034483 0.034483 0.034483 0.034483 0.034483
0.101697 0.101694 0.101694 0.101693 0.050848 0.050848 0.050848 0.050848 0.050848 0.050848 0.050847 0.050847 0.050847 0.050847 0.050847 0.033899
0.113210 0.113208 0.113206 0.113206 0.056604 0.056604 0.056604 0.056604 0.056604 0.056603 0.037736 0.037736 0.037736 0.037736 0.028302 0.028302
0.096775 0.096775 0.096774 0.096773 0.096772 0.048388 0.048388 0.048388 0.048387 0.048387 0.048387 0.048387 0.048387 0.048386 0.048386 0.032258
0.096775 0.096775 0.096774 0.096774 0.096772 0.048388 0.048388 0.048387 0.048387 0.048387 0.048387 0.048387 0.048387 0.048387 0.048386 0.032259
0.098363 0.098362 0.098360 0.098360 0.098358 0.049181 0.049181 0.049181 0.049180 0.049180 0.049180 0.049180 0.049180 0.049180 0.032787 0.032787
0.100002 0.100001 0.099999 0.099999 0.099998 0.050001 0.050001 0.050001 0.050000 0.050000 0.050000 0.050000 0.049999 0.033334 0.033334 0.033334
0.111112 0.111112 0.111111 0.111109 0.055556 0.055556 0.055556 0.055555 0.055555 0.055555 0.055555 0.037037 0.037037 0.037037 0.027778 0.027778
0.116506 0.116505 0.116505 0.058253 0.058253 0.058253 0.058252 0.058252 0.058252 0.058252 0.058251 0.038835 0.038835 0.038835 0.038835 0.029126
0.095240 0.095239 0.095239 0.095237 0.095237 0.047620 0.047619 0.047619 0.047619 0.047619 0.047619 0.047619 0.047619 0.047619 0.047618 0.047618
0.101696 0.101696 0.101694 0.101694 0.050848 0.050848 0.050848 0.050848 0.050848 0.050848 0.050847 0.050847 0.050847 0.050847 0.050847 0.033899
0.101696 0.101694 0.101694 0.101693 0.050848 0.050848 0.050848 0.050848 0.050848 0.050848 0.050848 0.050847 0.050847 0.050847 0.050847 0.033899
0.104349 0.104348 0.104348 0.104346 0.104346 0.052174 0.052174 0.052174 0.052174 0.052174 0.052173 0.034783 0.034783 0.034783 0.034782 0.026087
0.103450 0.103449 0.103449 0.103447 0.051725 0.051725 0.051724 0.051724 0.051724 0.051724 0.051724 0.051724 0.051723 0.051723 0.034483 0.034483
0.098362 0.098361 0.098361 0.098359 0.098359 0.049181 0.049181 0.049181 0.049180 0.049180 0.049180 0.049180 0.049180 0.049179 0.032787 0.032787
0.110094 0.110091 0.110091 0.110089 0.055047 0.055047 0.055046 0.055046 0.055046 0.055045 0.055045 0.036698 0.036698 0.036697 0.036697 0.027523
0.120002 0.119999 0.119997 0.060001 0.060001 0.060001 0.060000 0.060000 0.060000 0.059999 0.040000 0.040000 0.040000 0.040000 0.030000 0.030000
0.130437 0.130436 0.130433 0.130433 0.065218 0.065217 0.065217 0.043478 0.043478 0.032609 0.032608 0.026087 0.026087 0.026087 0.026087 0.026087
0.154245 0.154241 0.154240 0.077121 0.077120 0.051413 0.038560 0.038560 0.038560 0.030849 0.030849 0.030848 0.030848 0.030848 0.030848 0.030848
0.150757 0.150753 0.075377 0.075377 0.075376 0.075376 0.075376 0.050251 0.037688 0.037688 0.037688 0.037688 0.030151 0.030151 0.030151 0.030151
0.108111 0.108108 0.108108 0.108106 0.054055 0.054055 0.054055 0.054054 0.054054 0.054054 0.054053 0.054053 0.036036 0.036036 0.036036 0.027027
0.102566 0.102565 0.102564 0.102564 0.102562 0.051283 0.051282 0.051282 0.051282 0.051282 0.051281 0.051281 0.034188 0.034188 0.034188 0.025641
0.110094 0.110091 0.110091 0.110089 0.055047 0.055046 0.055046 0.055046 0.055046 0.055046 0.055045 0.036698 0.036697 0.036697 0.036697 0.027523
0.107145 0.107144 0.107142 0.107142 0.107141 0.053572 0.053572 0.053571 0.053571 0.053571 0.035715 0.035714 0.035714 0.035714 0.026786 0.026786
0.105265 0.105264 0.105262 0.105262 0.105261 0.052632 0.052632 0.052632 0.052632 0.052631 0.052631 0.035088 0.035088 0.035087 0.026316 0.026316
0.100002 0.100001 0.099999 0.099999 0.099998 0.050001 0.050000 0.050000 0.050000 0.050000 0.050000 0.049999 0.049999 0.033334 0.033333 0.033333
0.107145 0.107144 0.107142 0.107142 0.107141 0.053572 0.053572 0.053571 0.053571 0.053571 0.035715 0.035714 0.035714 0.035714 0.026786 0.026786
0.137616 0.137615 0.137613 0.068808 0.068807 0.068807 0.068807 0.045872 0.045871 0.034404 0.034404 0.034404 0.034403 0.027523 0.027523 0.027523
0.111113 0.111112 0.111110 0.111110 0.055556 0.055556 0.055556 0.055555 0.055555 0.055555 0.055555 0.037037 0.037037 0.037036 0.027778 0.027778
0.115387 0.115386 0.115384 0.115384 0.057693 0.057693 0.057692 0.057692 0.057691 0.057691 0.038462 0.038461 0.028846 0.028846 0.028846 0.028846
0.114288 0.114287 0.114285 0.114285 0.057143 0.057143 0.057143 0.057143 0.057142 0.057142 0.038096 0.038095 0.038095 0.028571 0.028571 0.028571
0.114288 0.114287 0.114285 0.114285 0.057143 0.057143 0.057143 0.057142 0.057142 0.057142 0.038096 0.038095 0.038095 0.028571 0.028571 0.028571
0.123714 0.123713 0.123710 0.061856 0.061856 0.061855 0.061855 0.061855 0.061855 0.041237 0.041237 0.041237 0.041237 0.030928 0.030928 0.030928
0.113210 0.113209 0.113207 0.113207 0.056604 0.056604 0.056604 0.056603 0.056603 0.056603 0.037736 0.037736 0.037736 0.037735 0.028302 0.028302
0.140517 0.140516 0.140514 0.140514 0.070258 0.046839 0.046838 0.035129 0.035129 0.035129 0.028103 0.028103 0.028103 0.028103 0.028103 0.028103
0.140190 0.140186 0.140184 0.070094 0.070094 0.070093 0.070093 0.046728 0.035047 0.035047 0.035047 0.035047 0.028038 0.028037 0.028037 0.028037
0.130438 0.130434 0.130434 0.130432 0.065217 0.065217 0.065217 0.043479 0.043478 0.032609 0.032609 0.026087 0.026087 0.026087 0.026087 0.026087
